5676
8126
9751
3422
8712
7344
8427
6109
6699
9159
4885
6804
2392
9525
1319
6121
1799
7008
5369
4507
3514
8970
2302
414
7985
8781
3253
6553
8368
4616
9796
8810
7263
1075
4018
5976
8349
8343
5323
8591
2395
9924
8508
9851
6012
6546
169
5927
2523
9149
715
169
2779
5404
4899
3301
5266
4395
8013
1598
5646
392
9305
3412
9167
6804
8779
4336
9349
4390
2549
5371
5513
7044
1752
9039
2974
4811
9210
6226
381
3651
6597
5307
8571
6032
9796
3397
2033
4567
6050
7062
5166
643
377
1018
4647
6109
7470
3000
1222
8463
3709
9263
2326
9127
1259
4645
4850
4838
4266
8451
5042
7712
5186
6854
7246
3535
5619
5510
7636
6808
5436
8919
1165
2187
4705
7114
6676
9930
580
4290
5672
4873
4247
9779
9939
6494
4863
2357
7778
2549
8375
8285
8436
8917
4018
6948
6492
1866
1863
2255
5792
4666
629
5569
9650
4375
1885
9079
7114
7247
5012
9179
6537
9219
2832
8162
4389
6045
8798
57
9735
1127
8337
4456
1700
1807
8571
229
3770
5793
3666
5492
9430
2692
4530
1817
7354
6702
1219
9809
4798
4172
6424
7403
3039
9854
6288
1863
7906
103
6153
5527
2382
6907
9584
8682
1728
6078
9343
6581
555
2396
9914
3061
6370
9389
6290
8989
4940
3096
5455
7166
1190
7443
1303
9111
4351
1853
4955
8712
9087
2818
1702
8215
2276
828
2891
2151
6409
2405
1777
9874
7939
4802
7359
7454
3712
2392
3577
2963
2302
8268
1688
4721
5555
9010
7700
687
2818
747
2299
9398
4273
5044
9343
1836
1587
2263
2599
8021
5115
3061
917
9613
8165
1875
3125
3455
871
3531
2050
9156
6557
7046
6089
4644
8887
4512
6275
3455
2751
1308
6394
9414
9624
4701
6404
1752
3838
3783
1851
4819
2207
3
2496
4439
6239
9281
74
4246
8758
9070
6985
8754
1584
8722
3742
9071
9854
4998
691
6714
5841
7239
2533
7354
392
9948
3578
53
4536
39
8112
7587
2931
3800
6703
898
9856
5510
4306
9332
6405
2863
7329
5443
8088
696
855
22
7317
7700
1127
7985
3377
1628
4874
5349
1716
6737
5233
3165
6935
741
9121
5123
5038
9632
4899
1358
2221
7376
164
1457
6089
6606
2255
8463
6920
9132
1003
6571
9648
8880
3292
3317
1055
5300
9224
4556
4645
7126
4914
1161
9692
7330
5862
8353
4225
678
5114
801
3492
7280
4111
4224
4910
5663
5077
1251
3437
5527
4393
1641
5445
9526
8092
8254
9067
930
57
1926
259
2009
8799
5976
1885
7427
4914
1266
7135
7880
1549
3354
4679
7149
8752
8325
1264
7233
8275
7354
2568
74
6567
1568
6363
8832
6080
5862
4149
7471
320
8242
6599
4864
8646
3175
5895
3514
4799
6155
5789
4864
4301
8858
3123
8970
4571
1937
9841
7236
2709
5646
9632
8644
1885
283
2579
5216
9179
715
1266
5307
1915
5054
2086
6714
389
5470
5244
6615
3535
4848
4690
793
7118
3175
4811
2515
1611
592
1913
6957
774
239
5138
8926
8972
2974
8023
4496
4299
1497
1543
8400
5086
4312
9800
5713
6854
6599
5274
5680
8754
8521
3651
3224
4514
6553
352
9850
1807
3786
434
7233
8254
2081
6920
2054
5412
3531
8022
6957
868
8749
4299
9931
2934
4713
7706
5671
8262
1078
5725
5233
5492
3404
5371
8245
4431
1505
5797
7118
5513
8245
5595
4592
1643
5941
8182
1623
1789
9600
7865
6571
1164
2246
2231
3914
7280
2113
2574
9060
9830
2303
7203
1319
2068
6408
6625
1782
3087
726
1789
5555
5555
1433
7815
2709
5540
5132
8318
7537
5180
4246
3455
9388
111
4062
766
2400
5646
5286
7403
3855
7874
4701
6808
4849
4423
1762
9914
4851
375
4587
7470
7906
9242
8229
7320
9040
8311
5138
3576
9111
3629
6408
7229
8013
7757
2832
3146
1719
229
8895
9454
5939
496
9618
6606
727
5079
2955
1863
9993
7053
2206
5986
8980
5808
2746
1586
7252
4835
4721
5958
4680
8290
8609
412
5654
9388
2357
9564
4649
9790
1232
4389
5755
6723
4690
3269
420
7919
1332
3468
487
1723
9242
7587
8919
2575
625
230
9471
1111
850
8887
3224
3855
9948
2312
7426
675
5180
2357
8291
6438
7332
6593
9015
6047
420
8370
8818
1853
3312
4375
7044
5300
5286
6080
9897
6151
7388
5646
6985
6779
4989
46
6175
7700
8022
5646
2300
9031
1822
4649
5323
964
592
2099
3511
8818
5671
3836
9613
1219
9527
2804
9946
3589
5595
8117
6923
1305
5404
3822
3669
7197
4874
7137
6597
568
9364
5706
936
6028
4037
540
5079
6957
5510
2731
1623
9417
5132
1080
8337
7502
2299
2786
6268
9096
8521
350
6593
6054
7224
8682
424
1835
7128
2549
4649
6899
855
4969
8623
9614
7302
9827
8228
3220
4290
3352
1641
1731
9602
1650
9448
6567
2466
4211
8311
781
3751
400
7149
3995
6141
734
4616
5881
8399
3468
5054
2776
9798
6638
7132
616
2911
9872
4811
7038
8521
9500
6226
8756
2717
2054
1026
8436
7056
1333
8117
6073
6501
4713
1613
3251
6920
4231
4937
5337
6624
8883
8318
4069
3594
8752
8375
7053
5615
8775
9605
9096
1913
8427
5272
3224
6073
7068
992
9711
616
8659
5999
6907
6438
4384
8337
9471
8245
4231
1178
2537
5244
1213
3705
9946
5525
3227
1708
9417
8673
7070
8919
6408
828
5391
855
2599
377
2533
727
8254
5066
6586
9642
6924
578
6398
6683
1722
3725
5180
1020
9096
6257
2952
7173
8451
5070
4294
8780
3758
3102
1311
5680
2263
8754
3372
1224
47
5123
1605
157
741
4120
1702
5750
6531
5070
8591
4342
6363
1591
1175
98
781
135
3781
5052
6625
7837
3098
3102
1099
3615
7711
6532
7173
3569
3956
3069
8209
8082
9140
9532
3870
8050
7572
5923
6889
5501
8722
5274
5266
9127
5066
4226
2481
4427
1718
930
57
7572
6840
6663
9071
6658
8525
3995
5535
9984
9159
382
5296
3660
2276
1948
9796
3776
1838
6045
4035
8646
4087
2481
7034
157
9914
4639
4251
2568
9648
1613
3227
1543
5518
4120
1488
3305
815
8571
8890
2024
6141
1309
6312
5440
9817
2392
8227
6679
6663
5653
8798
1778
355
6494
4679
8780
224
375
2912
3317
1628
8812
5615
5216
8637
6141
5698
4991
4369
1198
3217
3855
1399
6012
4955
4592
7247
9132
1414
2365
2912
5404
6703
2276
7379
7427
1026
2369
3370
964
5792
8368
2359
1334
8343
3786
4873
6956
8418
4703
4653
1915
4306
8821
1201
817
5407
9872
7103
3781
6624
8822
2559
8325
5272
7863
4224
2068
1591
434
1549
3165
8092
6699
1414
3589
2809
5455
645
9751
1074
9947
8919
5446
7008
8989
4851
5387
6312
9897
6121
2809
9933
1190
9841
7466
3294
7260
9200
4984
7039
9946
2306
9532
8703
4799
8065
7583
2389
465
4393
2175
1591
8182
6833
2395
9414
868
6116
576
7097
4690
2357
22
8754
1329
9324
1947
2797
5640
5303
288
5413
6106
5166
8171
389
3712
1079
5371
5546
5706
6121
964
6923
6312
3086
1495
9459
4951
6918
5053
6648
4266
3855
2134
5058
1518
5966
5038
801
1099
1256
7268
9933
7236
6663
5470
3061
5294
7239
4185
2313
8312
447
1394
9948
5066
7233
3069
8637
4511
6236
5070
8291
9711
5613
7387
1006
7470
4762
4389
9722
1758
6351
2974
1006
2786
2442
6323
3000
5991
487
9867
5751
47
7899
8637
7690
4511
5648
6368
9941
5114
7882
2910
9079
6663
1495
3178
6933
5830
9650
6129
5387
1073
4644
2839
9586
1087
3198
5640
1505
8624
3
6507
3198
9988
5008
3742
3412
6101
5409
1743
7918
4491
9004
4507
9418
3338
8775
2009
6841
9592
1077
7376
170
6142
6521
850
700
7362
7407
960
5895
3125
9499
8724
4185
9188
3178
8798
7439
2230
5300
7192
7044
5302
6586
6770
7831
5214
3159
989
2939
6980
9833
8600
3000
1587
849
6262
5672
487
315
5250
238
4647
8493
2433
4969
8399
1103
3838
2776
9904
8754
6406
6531
6568
4979
9088
3629
5062
50
1648
2242
6272
7239
512
9687
3666
770
4176
5443
9268
4653
8525
8660
1584
8712
1625
3545
9618
1466
3122
6579
7439
3390
8319
1003
7160
1426
3122
4231
3712
3087
3956
4679
5132
952
1078
1632
8600
252
8868
1739
5792
7239
2574
5597
6175
6050
5056
5790
6793
898
8262
1586
1273
7748
7154
1913
8488
3178
5258
3537
8176
7056
2340
1305
1611
1075
5294
7899
5251
8299
5604
4006
7197
1032
4910
6323
5986
734
8536
4570
5881
3722
2605
9039
3212
3889
4786
3569
1256
9500
1099
9314
6624
315
6129
763
8135
3678
8857
3422
9527
9293
3354
5073
4649
474
4496
2585
2639
7280
6557
8400
8353
8423
2664
5991
7427
9648
9459
8591
4679
8312
8952
1082
9993
377
4511
4612
6917
9293
4890
6996
1956
4888
9619
9314
8596
2811
5567
7160
1856
9830
4227
8484
6204
726
9946
7215
1613
4392
7394
7068
9274
7770
6791
1638
8752
5653
5555
6779
5646
8456
2300
9386
5330
6346
5633
8299
39
1657
1302
7281
8926
9324
5692
2537
1257
7239
8898
6051
238
2340
8228
9343
8214
9360
1332
7867
5079
4937
8945
4315
7990
3615
9388
6293
1657
7795
7173
4384
7587
1835
1979
9833
6293
5267
5555
4899
9112
8601
7619
4811
2809
5676
5986
8890
4582
6930
2912
1420
4351
7046
1871
9024
7282
3889
7717
170
1864
1926
4006
7362
1782
1632
3603
1404
7572
4495
6225
787
3514
8624
4158
6038
1423
4230
4816
4006
4703
4379
2689
6907
4379
382
320
7185
3265
8832
5797
2173
5407
8379
2746
6553
8209
7623
6663
7203
2271
229
8726
4556
6712
4685
350
7492
8325
6877
375
389
5870
4259
3301
2731
9632
8883
6129
4158
102
8623
3722
4383
7282
8917
9982
182
5725
3809
3859
1290
2004
6379
315
9070
3544
5266
3576
2683
4507
182
7135
38
8959
7354
778
3666
1523
7215
787
700
9757
3758
1606
987
3080
709
7123
414
8013
2078
540
5698
6917
4821
3870
427
9726
4312
6615
259
3242
8176
1198
2652
3413
9827
4717
1457
3981
1003
8241
6926
3404
4456
9048
2794
645
6394
7874
2839
6504
5830
9305
6080
1308
1414
2582
9743
9722
4797
4819
6336
2112
668
5896
288
7427
3615
9619
1404
515
4815
3122
3098
5877
2751
7046
2389
8922
7892
2156
618
2096
8741
1358
8235
4660
2761
9288
5633
1739
6223
1488
5403
1219
9592
8917
3002
1074
7374
5364
9924
208
8293
7191
9210
1632
5792
9248
7209
7047
4259
9083
1367
7132
618
2515
8370
8023
2582
9650
436
7939
7263
9726
1303
1420
4131
3751
6575
2230
5416
7773
3709
5636
9336
2717
5569
6703
5294
3725
6363
3809
4819
3545
7302
5821
3053
7378
8659
9796
6791
2605
6923
6303
4396
6480
8828
3999
2207
3538
8968
8135
7332
2016
7209
5808
1409
8970
9060
3189
4845
2717
3953
8299
2561
8609
9589
1570
4176
7282
8525
1132
1080
1586
8883
4890
98
2302
7233
1915
4383
1723
9015
1033
578
4227
8849
7268
9088
2694
8467
1466
3102
2117
833
4571
4799
413
3273
6047
4423
3781
8312
9324
2125
5021
8751
1339
39
5614
1911
8353
5946
9305
8207
9779
7197
7137
3123
7470
6028
2141
2761
4266
4456
1433
4681
4873
2809
4530
835
9972
2537
1457
8092
7512
9288
8417
7471
1752
8225
6906
4963
1290
7636
2523
7249
9361
2033
1906
3220
7939
4514
270
3559
4683
6325
7427
3783
570
1332
1099
375
7426
5908
9972
8379
6375
9459
164
9779
4540
5413
6480
3343
1373
9188
3657
6726
9073
2493
1003
3758
7246
5409
2818
4111
9336
1856
22
3889
715
2343
8849
9111
392
6697
9305
7753
4102
3531
1256
6132
6117
738
7281
9321
4902
9940
8215
5870
4087
1444
2813
2068
5406
8646
6143
629
3666
7911
444
6023
6535
645
7848
1339
3168
3385
465
2442
8542
1182
9564
9109
6054
2559
1714
1416
9459
3049
6707
1411
6051
9389
436
5795
8275
7379
1648
6791
6368
5555
9622
1080
9947
9532
373
4006
103
5927
5114
3577
8319
7464
6497
2247
4230
7118
770
2148
7344
8671
274
6157
1243
8858
9210
7103
4863
8949
835
709
3031
4762
5446
8375
6416
4666
9592
5187
1347
6073
7362
4077
9527
7918
3577
9156
414
512
4290
2343
2113
6191
5137
7044
8228
4690
973
1257
9989
3273
6575
7224
5597
6153
2797
9850
2604
2339
4644
4556
5166
4536
9866
6606
9219
678
5796
7815
9605
3385
4805
774
2148
4367
9248
1906
2312
770
5046
625
2207
8536
2765
9079
4571
1719
283
6908
1048
7117
6956
9217
307
1678
46
3486
432
1731
1546
2221
6829
1947
8107
6191
38
8486
8659
2811
474
1911
9248
4649
8913
8659
2604
8710
4902
8241
9361
3668
2099
5560
7197
3013
2442
1943
3999
7221
3653
74
3921
9589
9897
2718
2137
4390
6397
5540
7587
3419
645
1020
5676
5083
5302
1543
4342
992
9153
3440
1708
6223
8262
4226
2652
1232
6712
25
2885
9164
8262
9630
5316
8303
3783
7464
2528
1719
5132
5555
3465
7168
8467
6813
2599
4266
1179
3260
2004
5635
8521
8508
4940
9841
4700
2891
5403
9121
5303
1856
1268
1079
9541
5633
3198
381
362
3545
8905
1211
6726
4292
3824
8504
898
7330
3455
8003
1430
8757
5535
6438
6699
5614
6697
578
7771
1584
2369
6648
5369
837
8832
8325
700
3000
579
2187
6290
9179
6804
4477
9939
7426
7263
2794
4848
7068
3305
3167
8382
6323
2634
4692
7180
8989
9850
2449
3868
1853
4819
2568
668
2033
850
4582
2364
2112
3253
5302
5044
9526
2472
2303
5073
5412
46
4043
5793
6500
2523
5010
8275
5788
7706
5687
1404
1523
5445
1789
1747
5672
3002
9448
1807
3352
1073
6262
22
835
2090
3288
4685
4821
7419
7278
4874
6257
6840
2396
8241
8756
2178
352
5743
370
4482
4685
5646
1794
5054
8818
283
3455
1161
7939
2986
4018
1863
1676
6137
4567
259
5021
1411
6398
7168
3998
3922
922
8807
2125
6201
230
4799
3167
952
9584
5676
1142
9642
157
6638
2599
5412
1033
5258
7376
512
8972
8536
4466
7795
9866
4846
9343
1913
1722
2247
1838
4722
6906
7332
805
5169
5525
8671
4443
726
9200
4616
5928
6804
9941
7714
6453
6648
9372
4125
7310
3787
3407
3834
9006
383
6829
4835
9048
7795
102
805
6121
3504
3733
7545
463
3265
6293
4185
1332
5295
2415
4495
5172
8968
4125
1719
4914
7537
7631
3352
6044
8325
7387
8063
2081
454
5862
4612
6615
3936
7387
6032
4035
6581
2561
9711
9864
4740
645
5793
3413
1937
6045
3013
9972
2231
8281
157
2148
8970
9438
4586
3578
4888
2442
9532
8712
3742
3217
6770
7985
1778
4540
8796
9584
9939
7344
4563
7235
2651
2302
1629
6028
6288
5254
9804
4384
5525
9830
5788
4989
7154
5895
9602
400
8242
7545
2489
3426
1926
2515
7168
2303
970
6312
3374
8176
9940
4685
9586
2751
7239
8726
5808
2231
7939
4383
9031
5997
6917
5795
8958
6730
1497
4392
2068
4940
3273
3053
6850
6416
3653
7906
6652
4845
7135
2276
180
1871
7379
5595
1033
3931
6926
1450
5337
361
1266
9263
8228
7427
5510
3597
3615
8644
1334
9347
8178
389
9474
589
1003
7379
224
3369
7466
2365
9087
7098
1171
827
1606
7436
496
5463
2585
3440
1688
8525
515
3486
9324
1638
5166
4558
6915
8828
8193
3168
8290
7848
4087
1008
9614
2151
2148
2117
8337
363
5053
6155
7209
8968
4951
108
6676
7464
562
4511
5706
8798
5296
1358
6153
6957
157
5524
4752
1020
8508
3824
8751
2672
9525
1568
6648
412
1643
3212
7300
7035
8023
7135
53
1358
6272
4113
1587
5404
8757
7419
4849
6272
4492
8074
7209
8905
9982
8917
1259
7097
5859
7553
7123
8446
1688
7564
5507
2033
1311
9268
6648
9274
3096
6439
7516
2162
4379
3377
4955
2090
9438
8416
6648
8596
204
6379
8225
5581
5008
5454
576
778
1722
4700
3125
4439
1077
6406
424
8989
7717
2086
4692
9790
774
7690
9474
8508
6089
8755
2986
960
7815
47
5364
4779
9726
6409
9993
6676
1207
9614
6702
1073
766
1444
4713
5216
4660
9630
7310
696
1549
157
6712
7815
555
432
7619
7320
4690
7239
4890
5663
6676
6023
3970
4864
8847
3269
6151
7299
4068
3399
383
654
3751
2206
8682
1161
1257
5595
1424
770
8023
5062
4570
5048
2599
3426
8152
1719
645
5159
8647
4925
4752
1835
1722
4023
5413
8598
960
6597
5008
4845
735
4043
345
3175
8375
1288
9015
9472
7278
1598
7700
3419
5663
6257
1383
4511
1213
1006
4304
2952
2999
4468
1311
2389
9349
4340
9112
8107
3531
832
7635
1232
827
1308
1546
8758
4713
7744
5991
7387
1075
2746
7471
3847
1629
8353
1851
1457
7515
7278
3096
4496
8418
4845
9417
2125
2934
1853
6528
8955
6571
3385
6038
6935
855
868
8494
9102
6658
6579
3999
5492
8754
6726
4259
1073
9947
2604
1657
2271
8755
5461
815
2112
5713
7773
4815
9605
970
8176
252
1714
6911
2689
3273
6257
7419
1465
6225
763
9541
1207
814
6785
2085
4384
4185
3455
2813
1302
4375
2085
4491
7282
9475
5688
6521
6038
3159
7939
2466
9931
4899
970
9153
345
6288
8849
339
3504
3494
447
6351
3115
2836
5986
5859
7400
9351
4492
329
4477
5672
4336
2175
8970
3770
2811
7128
2746
6264
5296
6854
4304
4443
7717
5603
8235
9379
74
741
3956
6954
3836
2096
436
5870
4846
6714
4899
3301
3847
3390
5659
47
5072
5137
3372
8325
8647
8338
4586
4040
9864
8165
6264
2263
4512
5518
4567
9127
5159
5525
2728
5523
5300
8722
9102
1032
9079
1889
3398
5401
4639
1591
4251
4945
8337
8980
2442
726
5523
6394
675
3800
7770
3653
9417
3758
5052
2134
9864
3178
4838
5052
5159
3370
4848
1853
4863
5409
7387
2599
1752
6546
6840
8446
5687
9809
5188
1718
6699
7299
2533
1638
4805
4837
8303
7317
9471
3870
2963
2206
5056
5077
426
1191
2673
8880
2033
7282
4691
5976
5793
5307
8644
8919
1222
5460
9924
8176
5750
1420
3571
4037
5567
3571
1889
6028
2300
3301
5391
4336
2955
2651
6625
6510
5470
4089
2563
7390
8088
1779
4131
2599
5663
1259
5300
9159
9783
9475
1182
4266
9332
9372
5056
1082
1943
7683
6683
1758
9622
2692
5266
355
3629
9039
3407
9274
1404
431
2728
5743
1568
5648
1570
2651
9864
1638
4802
109
6160
6846
4294
7512
9743
4721
7246
540
5072
9109
3425
5302
4991
2306
4273
9079
2599
5908
5148
1807
5976
849
9048
1832
5751
3770
6679
7038
4937
8165
6833
5188
2582
5789
8868
5941
4470
1723
9039
6422
5251
8686
9589
5286
1242
8659
1570
2449
5535
1367
568
1623
3629
4587
7931
1836
7990
4848
5555
7619
8751
5294
1943
1026
3000
5793
6917
1758
7008
5698
3597
1864
2692
5413
4176
572
4816
4846
4423
8016
687
1164
7880
4102
326
8796
1793
7592
644
9336
8304
383
9372
5540
8297
420
102
8325
57
5513
1404
2673
2024
1171
7690
7281
4472
2063
1871
6175
1179
392
5364
274
7545
5300
5054
3577
681
4902
3578
8799
5832
1638
8227
1048
3921
9010
629
1714
2963
6546
7489
8325
2549
7056
9031
8650
7918
1367
3159
5750
5349
4456
8769
8959
8849
8063
2122
7867
2448
5560
5303
4798
5525
4940
8382
1213
8446
3914
8591
6346
5966
1132
8165
6258
3175
1103
833
3577
4717
8813
3224
8807
1885
5274
8050
2652
165
4843
8112
3212
2364
7619
7302
8659
6572
6985
4890
3511
7700
3401
5307
589
9414
7376
4379
2213
5463
2717
1048
1565
6258
6394
6638
9982
2599
5524
4299
2481
8297
8162
8798
4890
3999
4443
4343
6142
4176
7492
9600
5743
9388
2585
1948
778
3669
8165
6730
4873
9711
1329
766
2246
1339
8703
8275
6236
2953
7874
8021
7039
3260
5073
9904
8370
4821
4681
4524
8371
9946
5927
7683
2173
39
2137
238
5454
8299
4984
5307
8798
8504
2910
1913
4351
7635
2175
589
6572
8400
4040
4612
182
6521
1419
4227
1015
4680
1416
9582
9773
2863
4762
9087
2974
6804
8813
3922
5470
4247
46
3039
7154
9619
9946
1444
170
6907
1032
9499
9874
2213
9527
6707
5401
2731
5349
3668
5077
4921
6109
9722
9288
5680
8780
22
6785
8451
5535
6080
8756
2099
1219
3559
3373
2339
3998
6985
9770
1309
3386
9033
6703
6933
6908
1242
2537
8813
2242
7070
5581
1311
6272
781
9743
5523
4952
2326
6899
8887
5166
6050
9210
2797
2718
2009
1836
6284
7464
3576
4683
1080
9096
5928
5619
6050
1497
7831
815
2271
1864
5897
5295
7773
7069
1629
1242
7771
6954
1201
2481
4427
1067
6548
1008
3725
1404
883
643
592
8291
4492
7744
6143
7863
6596
3571
3455
3301
8650
7946
4647
1018
8092
7114
4113
5042
444
9438
5330
9398
7215
3217
1518
4587
4299
5187
4294
7711
6494
5510
1397
6397
1394
9274
8751
2081
2493
3783
6405
6845
7906
4068
2365
3486
579
4043
3680
2313
3908
6109
2751
9039
5653
6531
8379
3486
111
7374
6032
3787
8751
7807
855
7666
7515
8337
4524
8400
5443
5187
3868
8417
9343
5596
800
645
2090
7400
6101
6697
9919
4132
5604
88
6012
6117
6793
2765
2400
3615
8722
2357
3981
3273
5367
2070
8952
5056
5303
7711
793
6933
7132
8312
801
6572
9940
6918
691
6404
6596
4383
170
6552
9582
3386
88
8756
4383
6573
5436
1224
2299
350
4701
8171
5581
9757
4226
169
3578
7753
9827
8756
1142
654
6101
766
25
515
4674
1779
2412
7123
3545
812
9904
8955
4592
4803
4439
2230
8598
76
7748
8235
1545
2312
8112
1018
5056
1862
2582
8209
2175
1488
9321
1111
727
1762
9650
3198
4797
781
4176
3294
2728
9940
814
1078
1906
4838
454
6537
3385
8905
9347
3377
1568
2563
6409
5008
2412
3751
1111
2579
5793
8847
1055
8796
1078
7407
2599
2549
8325
5330
7203
4888
8659
7256
7628
855
5501
7320
4558
2382
5636
8952
6489
4722
1875
7953
3312
7470
4470
3680
4567
3265
2207
9600
1219
3822
4172
7911
5808
6054
5044
2039
7815
6548
8756
4465
8115
1182
3397
3669
5654
135
1416
4873
1466
1132
4431
747
5597
6889
315
1633
6370
8227
9109
6371
230
6683
7666
111
7166
9200
7537
7098
7256
6535
4301
1523
7190
2514
6239
6101
3175
3615
1319
2528
2279
5958
4306
5896
7748
5657
363
2050
3859
4423
8246
8917
8798
770
6051
487
4301
7744
4251
8712
4645
1605
2395
9931
7867
5053
53
1875
7374
8074
9040
8268
5567
8949
2786
2694
7466
5829
9039
6624
8467
1586
8504
3343
2255
8737
4786
6924
7831
6050
9947
6073
3123
3669
431
3999
9268
3422
8082
8600
8165
572
6405
6676
2515
339
7911
7388
6406
8262
5769
4247
2039
7229
7717
5188
5364
7221
7211
7282
3407
7263
6500
2885
7489
9800
1826
9324
5743
5115
4649
9790
2113
7899
6980
1911
8207
3217
5364
224
9043
5527
1033
589
6521
837
1130
9454
8913
329
5254
8488
8710
8575
8021
8019
1763
7815
5364
2561
6497
6557
1648
2099
1505
6926
7097
6829
4979
6878
9033
6846
8165
7568
6424
1671
8781
5454
3589
6288
6494
7004
47
8456
355
2033
3428
6918
7899
3957
5614
170
8021
930
1714
6925
1404
9332
3080
381
3419
7374
2382
5653
5633
7436
1864
7443
4786
4343
4819
2797
8893
9015
4315
8262
9455
3922
9982
7837
5054
5404
1358
6948
180
5636
1789
6226
8399
7492
9798
4571
3087
5266
2986
9217
9851
2405
46
3494
5790
454
3167
2563
9500
5349
7918
9474
6045
555
7098
2070
4850
1638
3380
6497
103
8919
1779
5303
4425
3224
3380
1213
5697
7221
7953
7330
5391
9930
5148
8193
5923
5073
6785
3995
5461
7085
5895
5635
4540
4639
1087
5507
6930
3936
239
5755
8923
8660
46
6225
5443
463
22
1794
1807
1409
9586
1708
1549
9121
8493
3152
5123
687
9156
883
835
8088
8488
7815
2405
4273
6532
8810
8213
9499
8521
935
3000
431
7712
477
7931
4736
7636
1473
4540
5614
4921
913
5274
8493
8741
5316
6920
576
1716
2489
9102
5086
4536
8609
6676
2433
3953
738
1450
2448
5928
1752
1103
2689
2885
8003
8303
3455
987
4674
1906
6785
7711
3712
8338
5070
7990
7700
5443
4691
5821
9210
2683
747
2054
629
2448
6726
8945
6535
5012
9817
382
8542
1641
2575
427
9850
6581
2963
1373
775
960
7492
4002
6044
1778
444
6906
4779
6956
170
3401
3956
9970
6586
6375
9970
3373
2611
3514
1871
801
1430
9006
8225
7192
2326
3742
2313
8868
6980
8915
1257
6408
7224
1087
2242
5011
2999
2708
7394
6956
5419
5870
6572
3822
283
2716
4395
7344
3484
5443
775
5413
8242
2359
7359
5501
5295
3398
837
46
6492
9864
8624
135
7034
5307
6676
1409
373
5790
1032
2326
4477
8418
7203
8737
7189
4117
3824
1568
1856
4482
6375
9874
4737
8644
4496
8828
814
4571
9773
5603
1102
2779
4383
5446
7778
5725
9073
4102
7502
1303
6323
1399
7628
9219
7039
3317
3087
7300
936
9984
1397
6597
5267
2326
4688
4997
5697
4556
7388
3538
3484
7146
1947
4466
4043
6155
4133
8162
2137
1111
4955
426
7269
5052
2651
2731
22
7443
7795
4468
7492
6599
8235
8013
6336
4821
5881
350
6791
7252
913
5267
7951
8349
2039
7807
8601
3425
7592
5048
4685
4701
6151
9004
204
5267
4006
1251
572
2717
9946
1937
8502
7180
3115
9648
204
28
9867
2599
4514
770
7111
7426
6723
4125
1243
6288
1333
3273
8609
7899
9281
7247
7834
7400
6726
4477
4470
2533
2652
1604
8868
8919
424
2300
8228
326
4185
9314
7168
5406
8082
1833
2099
6239
8281
3354
540
5755
2533
2568
4653
9770
9525
8810
700
8712
5413
3386
6137
6073
8088
5513
7402
288
9584
5697
7278
5266
3653
7215
1302
2263
2122
5413
9263
5266
3537
2405
2832
5406
678
687
7047
3428
6416
3776
208
5535
7502
6327
3995
3722
7919
2339
3265
9217
4251
741
4265
3049
6264
8303
2672
4969
6557
6145
6532
5939
363
9947
3
1794
8883
9281
3398
9527
7154
1718
5688
3776
6507
2382
6117
5233
7757
2125
76
8659
2939
2247
7215
5614
8228
169
2303
1393
8749
8832
2364
496
1518
4312
7056
2963
4294
5440
3501
7089
4465
76
3397
8117
44
3380
8575
4849
7224
2939
2818
2389
176
5056
1817
1657
1329
8418
9941
5706
8488
5619
9164
345
2151
7623
1164
8618
5048
8152
5640
5997
7118
7837
9904
1833
1473
6707
7348
8970
7038
4752
7717
9582
8299
9648
4149
3465
4845
6080
4069
9459
4563
1451
9602
38
8016
4340
6492
6579
6833
3273
5676
2096
9418
3212
9931
6671
2134
3273
9389
7700
5615
4680
7865
8494
8218
5169
8712
392
6889
1457
4703
4227
5604
4299
7128
791
2716
6664
555
2464
579
5258
5797
224
763
3338
5877
8780
7035
1411
9148
8112
6236
2533
6723
2489
589
3486
7137
1657
5300
1433
9324
1822
3603
7168
3569
4873
5997
1743
1523
8754
8660
4699
4343
5258
1735
1853
6793
2056
735
9024
7700
3312
5046
8467
6850
8923
4465
3294
5443
5706
8220
3958
3159
4582
9602
2206
7118
7427
8262
4645
7047
412
5138
1752
8650
5038
4253
3908
1709
7899
6924
8865
3373
8165
2054
8312
1789
6262
8813
1623
7278
8926
7236
7085
6652
1619
370
9321
7939
1015
7631
8022
2672
5999
6535
4873
326
6702
6346
5172
9224
4910
5041
7035
3492
5010
1632
5636
9083
9619
922
6575
6535
3220
4431
8700
1822
3273
9833
283
4690
1545
5946
6820
2299
9650
6303
6325
9111
7706
7044
2575
7419
5897
8371
7892
8213
1628
1826
8304
774
4398
5021
3069
76
8246
8494
6520
4737
3419
7280
2340
6201
5272
7867
9692
8542
6528
2528
5086
2156
2694
2033
7173
8847
5555
1266
2718
9984
8502
6567
2716
1367
4383
3931
5416
109
6145
28
7160
8898
3809
1671
2508
2255
5659
6438
9472
1495
3152
9200
5296
770
6275
7619
4062
8741
9169
6109
787
5946
6730
8769
3936
2276
6520
1979
6877
1943
3413
8703
7046
5463
7117
1006
9364
1179
5011
135
833
2449
8417
9112
3870
5180
3455
8003
1397
6155
8423
2891
2709
7931
9600
9070
4873
3605
5659
2836
1817
9694
1315
9630
355
8749
3412
1488
1077
7378
5187
1793
3272
9360
8536
1864
4273
1752
9389
4431
3531
8171
4779
8865
1836
74
3486
3975
8659
3594
6908
9946
7190
5793
9924
774
2137
5454
1399
1731
5114
5295
6151
1366
3651
8575
2064
3272
5687
8769
4803
6438
7229
8325
8601
9379
4306
9993
1071
6439
6175
9605
432
6453
5640
6926
1067
8821
7190
3251
8165
1008
3419
2605
7263
7191
1832
9827
6996
5581
3680
4722
643
7062
2689
1466
2090
4466
5841
1568
4649
5525
5635
7062
88
7690
5832
98
427
4849
1789
5941
8368
9188
8724
4666
8822
7464
7537
5830
7211
9379
6409
6137
2728
4383
8958
6284
2148
4497
5646
5440
8417
6023
3603
5997
4843
5881
4989
4172
1190
2515
320
5307
7062
1251
3576
230
4069
1657
5038
7623
1709
5697
8710
1584
4130
6924
5829
592
5295
7778
2514
4002
9088
7489
4524
2743
6878
7215
868
9605
7795
4113
4253
5044
362
3269
7865
5946
1273
9790
6867
4716
9630
7111
3958
1334
3428
6833
2141
8003
4149
8299
6368
4570
5751
8849
1591
5354
8922
2271
5403
9112
8828
1779
1232
1822
7815
778
6439
7711
6954
5387
6137
5021
2063
5370
6596
6575
618
5796
2652
7711
8063
1419
2263
1032
3168
8467
5119
6572
1777
3577
8171
3412
1747
3000
2117
696
6497
8673
9454
7053
6552
39
224
4837
9079
7085
562
5300
7191
5635
1303
3273
7039
734
7919
5316
4837
2818
5788
6507
8088
4997
4512
9079
4390
3399
8225
5294
7918
9349
6808
8463
6257
6262
7278
3809
576
960
7899
6023
8182
9248
4736
682
4945
2542
5364
4925
9946
1207
2575
3559
3273
4612
6157
4952
8349
936
9224
8275
5416
8042
2178
8763
8107
8042
2442
1824
7512
828
4797
1709
1570
3401
9687
2064
616
7068
8242
580
668
3956
361
643
4230
579
4798
6606
4396
5295
2639
8220
7173
1619
6699
4586
5053
8923
6290
7300
345
1127
7644
9757
5755
7899
2039
2953
4290
4247
3086
3484
4495
7564
3921
5119
3251
2761
7249
4351
6779
6416
7390
8484
898
4196
4231
6143
2839
1763
855
3953
1082
576
4885
682
871
46
2496
2939
3373
7572
2634
1587
2313
3678
6078
9988
9164
8758
2708
8799
1613
5148
8416
5676
9083
5657
6501
7706
8126
3455
6038
1866
109
5999
9692
238
5750
7146
9622
329
2070
2585
7951
9970
2776
1913
5463
6899
4692
9196
9006
4491
259
1700
5011
1739
7394
9630
4431
6116
2559
6288
7744
2561
7402
4660
8246
3338
8228
6358
9941
3369
5640
4246
8650
7008
3013
8710
5501
8922
3352
1735
5928
5870
1782
2068
5056
8220
3305
5555
5927
1102
6504
5115
5407
6920
1709
735
9217
5053
7568
6548
7317
3437
5251
5928
6779
7189
4998
9036
9364
9856
7880
1623
9642
3800
6225
793
2099
6226
4722
2134
812
5214
4018
4384
4595
7391
4969
7344
7516
6175
4196
5507
5073
8338
7515
3343
1394
8895
4369
7516
6532
9714
614
987
7359
5769
2241
8241
3377
1303
6532
4885
3202
9919
2702
4837
6850
1641
2986
3809
8732
9167
1657
5743
3380
8326
7553
5636
2811
8673
540
6663
1518
7946
8607
1063
8779
6933
1288
4466
3273
7635
8812
2709
9854
4259
5077
738
4524
4851
8375
9347
1833
7863
5939
57
6925
3354
9332
7089
3292
109
39
4863
917
8220
3733
5877
2151
4571
5546
6370
5216
8980
8737
2395
2794
3577
917
9800
3824
8980
1457
4002
5443
5897
3956
1853
9499
9036
9321
4301
1638
2221
7403
4703
7215
84
3390
9219
9132
5041
3440
5576
2717
922
696
2952
74
7166
7137
9149
8016
5463
5966
5443
5266
8673
1102
1956
827
8318
2024
7123
8575
1747
53
8319
3511
5180
6820
4737
2718
6279
2296
8865
2931
5518
2689
3531
2683
4132
5440
4952
6258
4819
2955
8660
7239
4645
9364
4465
3998
6480
8335
3605
7712
1457
8214
5041
8484
2728
1889
1782
7874
1333
9148
9804
9414
5403
8769
7778
2213
5657
1111
9970
5576
4914
6573
6346
2883
8923
9036
6528
3776
9360
6615
8818
5567
9188
4716
2672
4133
2804
6371
8418
5654
2117
373
1383
734
5698
9809
4514
4068
6129
8832
4131
3544
7899
4158
1657
3586
4292
1127
4392
1739
6599
5788
2299
1913
6926
3537
6290
9796
7246
1383
8712
3000
6528
3013
7387
204
8780
6820
9897
1866
28
6712
3102
5303
5012
1426
9783
8042
1648
5751
7568
5963
568
8235
8318
9153
1451
4018
9109
6507
6288
7177
9164
9582
270
1132
3733
3484
5216
74
9196
1728
9281
3000
6371
5058
989
7256
7166
6779
8427
3953
8021
6581
849
5086
9438
2296
4511
8207
8757
7553
3868
4951
5250
3576
9010
7310
1433
4393
3586
6073
2312
9579
6480
8539
4342
6500
1709
1604
4425
8290
4681
8972
9347
6047
8063
1142
5859
791
2652
6841
7402
4224
7454
2701
6671
7103
3455
1822
1889
8297
6045
3212
4991
1020
2779
7310
747
8724
6047
8828
4865
4885
6132
6121
454
1426
7564
9087
8375
9167
4125
4797
7098
8088
5821
1632
8857
355
691
7004
8887
6047
3407
5316
6379
9619
1619
3122
5513
778
8019
4653
3115
1466
8710
913
5188
39
5939
5881
5070
3847
3970
44
6510
7233
2395
8671
817
6980
580
6398
2931
4997
9268
3373
3292
832
2559
6325
4089
5808
726
355
6924
1641
2974
4740
5021
1290
8959
9361
8275
8400
6924
6416
9281
2694
5659
8326
9579
9796
5303
6808
7623
2396
400
3569
6924
1130
3786
1678
8375
8065
2702
4040
3288
5443
7173
8700
1201
4383
5083
8176
355
5072
4062
3504
7302
5546
6290
7378
5123
182
8456
6132
5251
3428
5303
4351
108
1067
1178
7362
7863
2099
8542
3123
2050
345
6532
5058
2446
2448
9314
2672
715
8895
6572
4427
3455
654
3953
4117
2296
46
1716
4077
2009
3956
1048
4035
6303
738
4497
1648
5688
9773
5569
1638
9210
3657
2039
9579
6268
847
5455
7538
2701
2442
8003
9735
4700
3175
5303
339
5186
9379
8624
2369
53
6489
4077
3545
9642
5021
7436
7053
9454
9630
5300
4762
5518
8484
1175
629
1611
9398
2702
2797
9770
6032
8591
8810
8335
4705
8082
6054
1075
9448
1926
1605
9827
7815
3227
8370
4567
868
4846
7553
5407
6047
1165
6054
2024
7068
5832
6899
8913
9984
3440
5923
2085
8214
2247
1735
3705
2705
7427
2279
6268
9564
3834
1638
1404
987
6350
4468
8958
4294
9159
4102
2276
7400
7085
7628
7126
208
1457
952
176
5066
1833
102
8235
259
8700
5769
1179
6567
2242
8536
8857
6047
8755
4511
3501
1747
7149
4266
5613
8623
9305
4984
5986
1817
8710
3370
5137
2765
5406
8016
7454
4998
8349
5595
8303
778
8775
1430
6615
5832
9156
4740
4963
7268
9454
960
775
8980
8268
1643
3086
1419
4507
6841
1224
5698
400
1911
2652
6552
3981
5412
675
7053
8229
7865
5463
9169
6679
9827
3709
2472
540
496
6226
2952
4803
6145
7114
3511
2213
8915
2809
4945
6573
9804
6520
7700
625
5114
3486
9919
8893
1718
3531
1259
1416
6363
7834
6707
6770
7899
2717
5636
7056
413
5436
9217
9149
7955
1793
1305
5745
3577
8484
4587
4699
3577
8769
164
2885
1171
8525
5364
2585
1824
1399
618
6572
6368
7427
3465
3253
6841
5659
2466
6930
7118
1633
8213
53
7946
8525
6453
5330
5463
6954
1473
6568
4952
9347
883
6489
9324
7770
8970
1913
1650
4700
8970
3586
4536
7359
3836
6325
2365
9714
9398
7753
9048
2999
5416
1523
8353
1495
3242
9854
9454
5403
8763
4991
7269
9798
6785
3202
9006
1862
2575
38
7173
9613
7778
6683
578
5354
9827
5615
6236
8756
1643
7403
9919
3535
7348
8135
5671
1423
2230
8722
9219
1565
691
8178
8682
7545
3751
6548
1495
8117
8972
5604
74
9630
2952
4819
5251
3922
2537
8893
5646
4779
9940
7177
1451
2673
6899
8088
7185
3399
7211
855
562
6351
9430
770
6676
5687
5056
6501
8607
47
7807
7137
6532
4989
6132
1731
1864
8375
1838
8726
1366
4556
5267
6702
9773
7537
2883
9472
1339
3165
1824
4482
1032
5070
3390
2664
9630
5636
1633
88
4850
4425
2493
5058
4803
5615
2811
5540
6911
9454
7128
9770
4717
5793
8013
3605
6288
7892
734
6101
44
4253
7192
4802
2016
3605
5307
3165
8281
3401
5510
4375
2173
3386
8919
2063
2396
3123
431
1676
4921
827
2568
8755
4497
9602
9386
8065
678
2508
9830
1497
5046
7564
9079
4849
2652
8207
8959
2343
7631
1762
1411
5524
1758
7269
9224
4587
1699
7990
7744
7236
3468
5387
8799
5369
9757
4398
2122
2255
4530
2033
4984
6358
8371
2050
3146
8162
3292
2004
7953
1191
3175
2178
952
8598
5841
8659
2016
7111
3770
2063
9149
2364
540
3343
5463
109
5364
8525
1087
373
283
1782
5657
1708
9109
6935
9073
7118
53
8724
5307
2523
2078
9472
9274
5963
3175
165
9850
7880
580
1789
5172
2672
2464
8220
8285
770
1611
5354
7583
8275
1979
1723
8502
9169
4802
6145
6924
7489
4069
7815
3125
4779
1015
3995
7118
7419
5062
8074
5295
2081
8798
9033
7538
3273
9866
329
1315
6846
2070
1399
9349
7538
6121
1305
3369
57
6358
787
3836
614
103
4132
5692
1103
8807
2271
2489
7215
4979
8958
5454
6422
8483
1315
9040
7215
5525
7439
2247
5870
5789
9933
9361
9790
9248
8905
4925
7408
3597
3343
4340
5172
355
812
9796
515
6663
1397
3152
1625
4688
1586
7773
2986
6785
5870
2514
285
7635
6878
3975
8382
3039
1676
7299
5413
4292
9687
4819
9541
2599
4472
5654
9196
2515
5266
9622
2162
1347
9833
5896
3146
6663
6492
1743
6157
9088
827
4647
5808
3822
3338
1165
3594
5370
4963
691
4120
8686
8213
7690
5254
9500
5172
6028
4466
3970
8262
1708
1465
5083
2974
7190
6867
6586
868
4247
992
9360
3242
1943
4006
5367
640
7770
7117
1242
6992
6155
7128
4819
3908
6504
2064
3175
8812
8115
6664
5963
960
6223
9210
6201
871
2112
6262
7249
5636
8989
2883
987
6663
1164
7568
3998
9040
4492
2813
362
1207
568
3212
2708
654
9941
447
850
1273
5492
775
5038
4259
2173
4466
9167
8737
3096
5832
5364
5244
5676
644
5463
1288
1457
6829
436
2162
9613
8945
1708
2515
6702
8416
6996
1071
9694
2085
3354
2276
1268
5877
8242
3167
2056
3399
5455
3786
7192
3571
3397
3189
6992
1735
8779
640
7146
7189
4132
7690
3080
9783
8483
4690
814
3465
9112
8446
4536
8353
1165
7946
307
5445
6575
6510
7132
288
9336
9632
454
1832
5092
1838
8416
5525
3733
2086
7310
1782
1619
434
9351
4231
3535
3305
3227
3372
9418
6985
4660
8724
555
3492
7443
1853
9430
9939
3578
5369
3535
1257
1055
3468
5419
5830
3374
8299
2999
8598
3678
9010
3426
7173
8607
8229
1505
8297
5123
9140
7471
7378
9430
9140
4225
1875
6507
9474
5048
1568
2563
9867
1789
6379
3189
3511
5796
9140
1251
7374
4196
8343
2574
1224
6877
4865
1657
204
4246
4705
7568
252
5041
7260
165
8637
5214
4395
111
4266
8245
4716
1835
1358
8539
5037
6737
9624
1430
682
2306
1290
828
4077
3956
8868
3531
1074
1794
644
1747
6089
805
7711
5083
4367
6153
5056
6257
4558
3039
1259
2836
7281
5527
8880
6935
9714
2343
1419
2400
2568
3868
6239
3425
6918
8949
6703
6573
9941
8895
3168
8050
8074
7256
9196
2910
8176
7644
7502
2611
6073
2561
2528
3425
4491
1273
7224
6663
28
7834
6312
4674
7390
7644
8486
1853
2568
1063
2464
6593
2141
5941
7635
4902
6676
4722
7714
1799
7004
992
8847
9224
5370
9867
6712
1699
3957
8958
9770
8968
4816
9817
4843
7757
2050
7046
9349
3615
9930
3834
5991
935
8945
5440
3921
2313
4375
1752
102
2433
3678
3152
1889
5138
6638
800
7807
4117
370
3931
7837
1911
8671
5371
9455
8749
6141
5648
847
1838
6044
3002
5946
2162
3189
3975
6714
7249
9989
930
1268
2064
3908
1598
5958
9809
4816
4540
9210
9592
7882
1581
8781
5576
8436
9989
8353
9071
7427
3102
5419
5354
6737
2221
2582
3069
1716
1026
434
3294
4885
6707
5416
9856
8285
6813
8741
8343
741
5300
7770
5046
5859
9179
1545
9586
8913
4946
4246
2939
770
3544
5446
2446
9039
1373
5115
9386
570
8092
9817
4690
8246
1423
5663
9067
1671
800
5337
7807
7268
4495
8542
9914
7189
270
4511
9841
4679
6532
4497
1015
2717
1253
4227
6992
9039
9474
9164
4340
7354
2528
5461
9127
7880
5862
4914
1191
6327
1676
8898
4379
5461
6933
8285
3426
4390
5413
654
9941
4125
2673
5463
8228
1071
3220
2070
4315
2934
8107
355
6697
6785
5077
1243
2751
5671
2175
8241
1581
6358
8436
1722
883
5862
8596
7146
1947
9036
4224
1699
9624
3569
1598
8952
3175
992
182
8571
3242
6453
7189
2056
5367
2364
1762
2246
7070
9526
5523
4639
8763
5254
427
3484
9924
6351
4998
7931
1383
2664
7103
6346
315
681
1055
1067
3770
1347
7882
4649
1008
8955
4312
4952
5654
1465
6911
1232
6500
8502
1777
4524
285
5436
7069
1334
5870
5927
5808
4863
871
3838
1130
8763
1581
1629
5445
1864
5832
9372
5790
8799
3958
8710
3859
6121
5603
7191
5159
4023
8922
1473
4762
3455
5680
6405
8488
4649
8427
8601
1032
9851
8215
9004
7126
8293
7103
8368
5507
4740
6404
5186
9867
5401
6820
1543
4802
5676
7807
3272
4292
4393
770
9071
5688
4131
1956
5119
1273
4111
9726
9121
2405
1762
687
5070
6923
3957
5619
4592
4367
512
1700
7882
329
8022
614
3425
8299
3422
39
2396
4423
5569
3922
5254
3494
5524
6568
8382
709
2340
2306
9438
8915
3603
3706
103
6930
6737
5896
8741
7706
4443
5062
47
5680
1264
8493
6288
6877
6327
3031
4304
5576
4821
849
1315
4023
3653
8486
855
8712
2389
4342
3615
9217
3385
7249
6327
3312
2369
7034
6191
7512
7953
465
9121
640
9931
164
6293
3859
9866
3251
3115
7302
8152
9989
6223
5795
2442
2096
8763
4680
815
6236
5137
8214
970
3000
2213
8571
9919
9624
7874
3706
2761
9499
4306
2412
7047
2599
7177
3202
9039
2574
6813
1605
1743
8775
2415
2955
6132
1302
8796
1198
6044
8126
8423
3868
1033
3722
9804
9694
9827
9217
6106
373
5066
1546
1817
4006
9388
3908
2396
6552
6325
8880
4716
108
6520
9735
2910
922
8135
5443
4130
3374
5870
5070
5443
1242
8807
9159
5713
9288
5966
8417
3437
1082
1581
6935
837
3589
4644
9417
477
5214
8749
4701
5897
5908
44
8165
7278
283
960
8275
952
47
9455
640
2515
2652
9827
6160
4089
5792
1268
230
6047
6106
1404
1420
9856
4224
7714
7281
5042
8293
8752
4466
5159
4963
6204
6730
2086
9060
6275
1723
6405
4158
382
6992
389
644
8291
4006
6143
5316
5295
352
1619
1302
1329
9067
7454
1708
4644
2579
4703
9169
4315
847
176
436
5859
3712
1584
4951
8218
1433
9454
8126
2514
5062
2086
8647
5086
5832
7690
8732
7407
7299
1397
6394
1224
3053
8821
1339
6424
1495
57
4439
6906
7192
9618
8646
4902
9268
5354
176
1394
1178
1175
2178
3544
3914
1358
5870
1006
8807
3589
1077
4997
4149
7990
2382
412
4571
1731
6279
1190
3294
805
8215
1543
8609
3122
8022
778
6521
6723
6142
681
800
6142
9751
4398
7867
7268
6854
1175
2542
9140
3002
5092
9866
2611
50
7190
9856
8754
477
4343
3783
320
5963
970
6350
9475
424
1201
7062
1319
9796
7807
5169
1777
7300
8600
9933
8281
973
5354
8926
2442
427
4984
2568
5008
817
9830
84
2063
7269
3002
2221
5169
8262
2412
4225
9800
2912
3175
4998
6737
9622
9841
7666
8193
7252
5676
8772
6785
5897
1394
5354
2692
4468
8293
6397
868
6501
420
1488
9033
3377
6370
5119
9743
1419
8756
1779
8883
1367
8772
8375
25
2568
8858
8337
2242
4991
2716
2400
7466
7403
2343
2537
2863
6889
4133
9541
3824
6520
4130
1063
3272
1851
9024
4427
1347
3212
6264
8703
6531
6371
2863
7628
1074
6044
9263
6510
1198
1832
4304
4571
3931
7278
108
1102
1165
5576
2542
700
2151
7919
6846
1777
4873
3227
8399
4681
8486
1253
6908
7114
817
562
4616
2359
7247
8710
2033
4266
4472
1728
913
1178
9874
1182
6683
4752
8812
8349
3
2113
7135
8898
7160
6204
1948
6439
5939
6279
4846
3660
6439
6596
7919
9314
4304
7391
3369
4835
7038
4398
6948
678
2709
6528
1643
9874
9242
8732
4266
382
9630
400
8126
1026
9939
4512
2392
8490
7004
1404
6785
4805
1347
1450
9153
370
208
4069
9687
1111
837
4563
5021
8475
1853
675
5750
7631
7126
1606
4113
7282
763
922
7387
434
7807
1079
9293
2673
3660
8338
2604
5797
377
1191
3437
1702
5044
5214
935
3680
7390
2156
2231
735
53
5354
3372
3146
8088
6239
1605
9336
9809
1763
3049
5349
4683
989
47
2396
5613
3705
3288
917
3706
1778
2241
165
2836
169
6051
4815
5560
6648
9073
5635
3936
9694
9379
7408
6878
644
76
170
6303
8152
4253
1358
381
9148
4660
57
2099
8818
540
3537
4439
1213
1190
778
413
1824
6697
3538
283
4472
8913
6284
4037
5525
645
8758
3597
285
5745
5083
6911
5058
9031
7299
2141
5697
7834
57
6854
5037
5790
9111
2694
1409
5460
7247
6257
8637
9043
2639
2765
2931
8810
9586
4392
2743
1222
8297
8539
9418
4002
8757
2664
6275
7239
4945
7034
8915
7454
6996
5546
8235
1256
8494
165
6911
7644
7391
7427
1111
5364
7848
3159
8756
6279
1824
1856
9454
3087
5546
8291
4497
2604
9073
7160
5244
1416
6160
5436
1067
770
3260
274
4077
1393
570
4946
8003
6404
3501
6532
7427
4951
2683
2702
1071
1419
4797
7035
3889
8781
1832
4699
2117
6606
5323
6424
4865
1420
9360
727
6572
9242
7951
3781
3390
6398
2779
7330
7236
7039
1799
9043
8618
2078
2442
1071
8304
1619
4068
413
2508
1678
6791
3312
4117
6116
1763
8539
2122
465
6664
2137
8275
444
2885
1332
3260
4398
6571
8042
3167
5540
9083
3629
7282
1032
7203
2054
4713
3651
2279
1628
3
6225
4946
4805
7173
2533
5966
2568
7211
5688
682
1633
1948
4062
9351
239
9851
8228
8483
9196
747
50
9751
9692
8618
8726
614
5793
307
2563
1613
6504
4389
2974
6504
50
4336
7712
5604
6924
9833
9982
4843
8176
6568
6012
2953
4383
5896
7180
1253
5272
1676
3202
8063
2974
8949
3305
6397
2241
9071
7683
4196
4266
2579
6599
4563
1862
2639
5401
1309
1253
7069
7587
2024
8335
936
6489
2449
2934
9288
8379
4111
4873
8726
8107
4035
1332
781
7348
3404
1444
1008
1207
9735
7690
6275
572
2303
1419
3492
8970
5523
4717
4736
592
618
2804
9096
9324
540
4496
4265
9624
4087
176
3597
7436
7173
8895
2004
4838
5188
5042
8880
414
8822
3975
6572
3272
7882
3086
1851
9149
2537
6500
8754
2746
8074
5407
3352
1288
432
5808
157
5391
3407
4343
5307
3370
1430
4427
4843
6351
84
9475
1619
5958
7939
4690
7185
8135
3175
7906
3273
2464
2537
9024
1191
7329
4925
8115
2652
3531
4691
2276
9798
2300
9127
426
8945
3317
4811
4815
8311
6537
5250
2911
5295
3981
4230
6956
817
4989
4874
5713
9398
9751
9033
2508
6370
6284
7955
1688
8451
444
4265
5070
326
6833
9346
1264
1179
9904
2466
6398
8003
3603
9332
2312
3260
7807
9532
2634
9798
1799
5072
8207
8618
9941
1333
5445
1789
7408
6571
3800
7256
2813
1782
3870
6204
6908
8016
8343
8847
8898
4798
6284
2701
2702
9079
1423
1450
6336
4043
1913
6129
5560
5524
5672
53
8275
616
770
3666
8757
274
715
9872
4736
9070
2415
7379
3957
8088
2672
5671
7097
3115
5463
7359
2085
2813
496
50
7118
4292
850
47
7502
7831
4037
424
5789
9687
6845
6453
9872
9414
4006
4717
7154
1611
8229
1866
1702
463
540
4132
8218
8235
1549
6537
9418
6116
44
5613
3152
2446
8607
1393
1332
3386
3061
5012
1799
9043
5613
8618
515
4595
1871
3317
7771
4211
8399
170
6915
4265
9148
2537
2241
9454
7427
6537
9346
9726
4456
2340
4149
6648
7047
8382
6201
8671
8686
7592
3538
9448
7572
6671
8214
2701
6671
7407
2651
6143
7911
239
6785
6730
4301
6258
6160
2911
1099
8003
4253
1251
9827
7235
8475
8893
8176
4865
7636
9854
2339
4921
1915
8525
7376
4395
8176
7269
8281
5443
5510
800
4945
7512
2472
84
3486
5266
5443
7235
8235
2365
1678
3657
5999
1545
4514
6557
8436
4507
5821
3031
7252
2639
8624
1782
2542
5148
9386
1763
5079
1079
9242
8451
7329
8600
6375
6546
7388
363
8659
2672
2448
7282
3781
9804
6850
5581
3049
2466
4653
1075
5745
9692
832
5021
8019
5244
2672
8682
9757
1211
2537
285
1505
871
4692
4691
8659
6906
9346
9448
2832
1937
1164
46
1671
579
960
8182
4390
1426
1700
375
8299
1411
2009
9067
3538
4837
7955
8945
432
6051
4969
1457
8493
2489
1864
2891
6948
3465
8989
4737
2743
1497
6424
5648
2515
6327
2207
3269
8337
6586
2974
4997
6992
2276
1032
5596
2708
5274
7644
8215
8989
8117
8423
28
7034
8235
6151
2296
477
8673
2302
3586
2493
8229
5829
7004
6840
4117
2804
936
2141
8955
1424
8989
2717
9006
8268
2246
3374
4482
6532
5788
6581
3069
4940
4737
1979
7180
8798
4612
1836
420
3544
7516
2599
1619
4037
1638
568
7149
3031
2705
3146
9169
9783
640
1862
4425
4850
5364
8737
8598
4336
5370
989
3709
4196
4851
2717
8262
2708
6572
4491
3053
1103
6258
4120
8319
6073
1424
2173
4230
8082
4133
7118
1625
5296
1020
8539
474
2004
8371
7834
696
5692
383
3668
39
1752
3657
8504
9472
4690
5011
6924
6501
6845
5302
7771
9773
7177
562
812
5041
8353
1419
6676
9324
4888
2701
8003
9364
3455
6257
1864
4946
1948
8152
2433
6368
3212
7666
5037
9351
7394
4035
9584
5419
4955
9642
7235
3855
6121
1074
1366
8857
3537
6397
6157
6573
8290
5597
766
2446
5354
6073
1835
1222
883
6160
791
7623
5745
898
4639
8919
7683
6553
8483
3847
7089
6652
5769
7035
3401
339
1926
5406
1264
5619
39
8003
4470
9872
1702
6840
6116
4265
8772
7098
1826
4571
288
7038
1913
2156
791
8607
1565
3413
5507
2481
3725
868
2839
8758
7773
8088
1739
9293
4225
681
570
5991
6793
1414
7911
6867
7089
3800
7748
285
4290
2559
1979
352
9930
1518
7177
383
7394
2863
8225
1414
8703
157
6671
9743
8050
1178
1465
5337
8178
5725
935
1906
4692
8227
1201
6375
8647
8781
7848
8821
6480
6980
6841
3265
2705
6089
9988
5463
3098
5832
5460
645
3787
4511
1315
1495
709
7348
5086
7329
917
4367
5797
5923
570
8596
477
6141
8647
3705
4688
4805
5832
3039
3426
7955
2187
1423
2832
5364
8112
973
580
7400
5832
4865
1256
7408
1743
9779
9632
7489
4369
8822
1111
9455
9618
6593
4389
6494
3413
5687
3220
5258
4023
7583
9541
5086
2231
5056
3838
4595
6596
5446
9004
7407
682
4342
4582
1015
7753
9132
5657
38
3175
1587
668
3822
3958
8887
9579
1142
7246
7863
3269
9948
1604
5751
3398
3956
793
9039
1419
2449
2836
5021
7391
1915
7132
8508
3031
2296
7069
1866
4340
9188
8490
7951
5092
2276
1826
6323
1018
6548
7592
8299
8311
9941
6073
4102
3981
9263
3504
4367
1956
6915
9372
3397
8042
4716
3049
801
913
2731
4226
4688
2911
2776
6422
3455
1142
4089
377
412
7185
7515
8822
1048
6257
512
6137
3586
3288
5725
960
180
2883
3847
7280
2113
8650
9941
5409
9430
5653
9988
8775
5603
5567
7939
3709
5821
9735
5501
7123
5808
7628
164
8218
5569
9897
973
5119
1077
1308
2794
270
2206
1688
3678
5272
1465
9800
2910
2496
4979
9036
5370
7069
1063
4396
1264
5042
8353
7235
3957
1875
1606
930
4225
7149
6350
1789
9525
4563
8178
6492
2415
1211
6793
8686
9389
6648
9167
9455
815
7111
5692
3504
6770
98
1266
3776
828
1718
814
2891
1222
9346
1581
8065
4068
5037
9156
1409
2786
4369
4616
7300
4848
5412
8353
8959
7564
1678
1782
2187
5923
2081
8370
7436
3998
1358
2683
8659
4482
9722
1130
5999
3253
9087
6652
9796
3501
5250
6845
1956
361
1171
7538
2078
2178
3605
4495
735
4674
2934
9970
1782
8115
4946
9060
8293
381
7085
1450
7387
9783
1863
1288
5092
1243
8659
6813
4040
57
2508
8601
4172
1087
805
5186
1716
6878
5603
5633
7427
9048
6223
5461
1127
849
7070
7583
5409
5796
1473
5079
6350
3217
307
8254
2911
3398
5052
6925
614
4688
3514
3212
2396
2162
74
3914
7690
6272
6889
4815
9200
447
7117
3440
4910
2392
8193
2786
1565
3080
4786
170
6117
3958
3706
4443
4592
7070
1495
1055
4666
8945
2241
2279
9526
5092
2496
2033
1568
3956
8050
4888
1175
7748
9351
868
5958
5337
4740
5286
1565
3494
426
111
2579
8970
6957
8752
1699
8732
5137
2246
8796
4396
4683
2369
5138
7209
8304
1309
5037
5908
4752
7229
8798
8368
4087
8905
3660
2112
3098
7443
2705
6820
6664
9346
135
362
1334
6303
833
8660
3253
6047
6625
4595
4120
7953
108
5492
5387
8955
9930
9031
9796
3834
1073
9210
6379
4023
1018
4666
5841
5525
6954
4369
8475
1451
5323
352
9004
6106
8596
6032
8865
1570
6497
8945
8246
2761
2533
2883
6268
5527
2974
1862
1393
2611
6948
4937
7215
1545
775
9933
8755
2472
4396
7390
1671
9972
5364
5648
3494
8463
1568
9993
9525
1366
7892
9088
1366
2306
84
5510
8893
2672
7332
7848
4133
2599
4062
7771
8812
239
1650
4465
1451
4512
7946
832
7631
7388
7892
3053
6846
4838
4040
2605
4251
8710
4674
8821
3251
5330
8304
5012
3559
8483
4468
6279
9589
25
1211
2359
1604
9914
180
1332
7402
1032
8754
9614
8335
25
5010
3725
229
3175
7712
5676
709
252
2953
7985
6038
8326
1851
8865
6012
307
5086
8023
170
3889
8926
5518
8326
274
4273
6664
1333
474
9714
1319
1619
4425
1211
3125
3178
208
1132
9010
8972
1102
6350
7427
1311
6867
1793
3657
3486
4558
5877
6336
868
7711
5401
7592
8490
9589
5755
5830
4470
2515
8525
9475
2056
1198
1082
1606
157
8525
6117
832
4721
6531
4681
6813
9386
4647
7466
1735
5086
3594
4395
8712
4921
1373
6257
1619
5048
9714
3468
3098
2955
2125
7362
4586
7378
6723
8475
8245
2839
6918
7636
487
3175
4570
9015
9526
5463
6770
2099
2804
9988
4586
4864
4937
8504
1424
5132
6553
9148
350
4002
8890
6923
5796
7583
5460
8446
9600
9592
1728
4979
7714
5455
4392
1305
2446
7197
9324
4466
3242
770
2765
6915
361
7221
3202
5646
9079
4699
4477
3404
6658
2433
7391
8623
5895
3594
4705
8162
9722
6336
9984
4799
1629
5636
3380
6078
5997
5443
6153
4211
2912
98
6047
3668
7985
8779
3501
2230
2664
5908
6191
5186
3288
2396
6264
5510
9564
7757
326
3338
5233
8858
474
7545
3742
8949
778
3080
5070
4803
5419
9132
3369
5795
1079
6201
2605
252
8858
5413
770
8326
426
9500
3921
4705
7320
8228
7757
6867
4530
5636
2533
4963
6652
1947
1657
7320
9070
1708
7753
2523
7553
74
935
1332
8700
3531
8890
4851
8989
8319
3834
4226
157
6078
8700
3559
625
847
6142
8456
413
643
4006
8115
7166
7260
355
8290
7831
5072
2279
5086
5046
9321
3758
2716
8171
2400
2705
3859
1752
3061
5391
8182
964
5286
6568
1309
3936
8772
3292
1708
7252
7714
431
8065
7239
6363
7408
1758
5371
616
3372
8922
9043
6121
7211
3168
5789
3914
6808
1625
5793
1332
1598
6406
5808
3486
5367
847
5941
8209
8502
4466
1161
2359
7666
5367
2692
8813
5745
8646
8919
6925
8209
572
6996
8490
9153
964
1885
7931
7260
7939
2999
9946
8686
9614
3492
8268
1826
2514
7317
8779
812
1290
1700
339
283
9851
2096
8756
5115
5510
9471
8968
9067
9630
6579
1546
1604
3374
1778
6714
9582
6157
5250
675
9217
5596
5233
53
7191
3422
7439
8486
5829
6625
6406
4530
3970
793
3571
3399
2779
578
8213
6877
8575
3660
2156
4850
4158
5596
7700
4699
1628
4925
8475
4571
9711
5323
7332
5463
2064
7329
9179
7402
3013
414
5010
3096
6191
4874
4721
7180
8857
3577
8371
2339
3651
270
4786
2415
1793
4089
6145
9694
8989
1080
8490
2016
6658
3165
8218
1424
6845
727
6408
2056
4835
8227
1383
4312
9083
6930
4466
370
7278
7471
2931
7278
6638
6422
4172
7146
5010
238
8285
8019
9817
8337
4211
7330
1329
3680
681
4582
180
1161
3189
3786
4700
8463
3437
8890
1794
1426
3412
465
9471
3086
8732
9972
791
4393
5713
2743
2472
1419
5187
4595
5463
668
989
2396
2743
6078
5976
2542
6593
362
5841
5597
7711
5021
4736
7117
1625
1650
6121
8456
4798
7516
6422
1633
1063
7111
463
3787
1243
8427
9024
1268
8923
2634
2099
3615
4910
625
7260
2122
738
5364
6489
6658
6829
787
9613
5148
3428
8379
4315
8623
229
7538
7008
6404
4131
6023
3705
7317
1111
1864
9564
4130
4570
3370
3615
5769
4111
2953
361
6268
3836
4691
8193
7387
4472
1714
9102
645
7865
7426
8337
9040
2412
8915
6546
8710
2794
5829
3722
9293
1650
363
2187
7387
2776
1393
5596
7439
7229
9948
5692
5354
6567
1358
2134
463
3404
8178
6679
8019
22
4683
8311
22
6850
8423
5369
6409
7711
7221
4835
8254
8338
9779
320
3975
4816
3668
8416
4511
1111
6579
1699
6552
5295
6293
9217
9060
6510
833
3212
7089
4680
2718
2533
4649
9579
3198
8318
1833
6925
9618
8659
3669
8375
1130
2090
5470
778
5560
5795
9210
7126
1546
6915
6204
763
7690
6679
3838
7282
5303
4558
2464
3970
2574
5460
8772
835
4864
8644
6624
4819
8952
2493
9989
8945
2078
5963
2016
1253
3733
6288
8494
1308
6371
5011
3273
4130
7807
1937
7955
6358
855
3931
6648
7097
2634
7515
2611
8945
88
7951
1708
9361
1444
1495
4113
7837
2496
8335
9217
6907
9102
22
6917
1568
3787
4211
7185
1728
283
1182
1373
1171
973
6106
7348
5169
4492
6597
447
7683
1495
1078
3706
