282
847
724
457
111
754
832
322
290
706
263
554
506
692
771
787
189
393
566
832
377
393
286
620
313
91
21
644
365
989
682
706
189
470
609
224
233
72
236
822
823
580
574
566
751
100
103
296
587
823
706
235
606
299
384
938
296
222
76
316
482
52
989
103
771
299
235
704
250
823
518
756
798
620
222
580
665
270
445
701
740
712
650
554
923
673
845
745
257
682
513
547
843
531
795
467
543
192
211
286
424
914
795
842
684
92
852
290
942
788
236
518
842
997
692
410
94
489
665
779
810
249
282
966
795
410
419
842
393
68
823
253
282
713
457
572
321
972
712
509
367
363
393
192
55
400
818
298
489
111
424
487
296
673
984
482
487
209
795
845
800
548
296
487
55
983
976
810
91
71
1
535
566
374
470
71
327
1
457
43
418
111
828
843
712
828
574
301
606
642
974
181
211
236
876
606
650
467
327
299
586
384
171
329
400
832
587
168
741
673
401
984
454
335
485
76
307
816
882
986
989
949
345
629
485
798
68
843
55
744
40
411
363
565
942
291
949
554
603
384
563
572
605
71
787
428
224
329
513
692
290
345
418
424
313
52
818
428
99
603
976
672
509
249
327
795
555
548
966
684
76
605
209
535
832
606
291
876
909
914
211
467
171
250
587
393
236
957
853
609
192
741
772
726
509
795
43
909
853
800
798
701
968
168
71
52
615
424
972
209
751
771
43
574
418
896
823
787
756
804
682
823
428
744
986
94
383
712
986
787
938
189
518
876
772
724
410
485
543
565
72
71
377
609
804
21
665
97
713
393
361
713
960
454
485
91
976
642
282
701
804
822
810
335
489
363
363
146
253
704
72
146
953
100
580
566
424
572
808
712
800
692
691
984
779
543
393
449
485
672
847
428
566
432
291
192
843
181
798
250
282
383
270
852
745
808
895
531
62
740
307
253
162
574
485
470
822
63
914
419
563
816
949
21
263
307
914
99
730
329
603
983
100
424
94
361
847
724
513
876
976
518
55
365
301
909
1
63
345
393
235
99
291
307
788
94
909
606
895
726
485
224
745
923
296
301
968
286
730
236
828
572
938
361
603
428
40
367
97
377
282
788
111
745
997
845
816
445
983
222
788
78
586
162
771
751
103
644
518
942
972
321
72
548
740
162
1
547
192
335
843
485
957
62
62
828
78
974
424
566
374
316
270
923
97
432
555
547
843
393
986
650
909
257
449
1
706
989
76
63
818
603
298
374
393
410
843
171
316
629
401
482
741
771
99
361
420
299
298
603
843
896
307
21
68
822
966
224
818
751
263
744
367
535
445
740
71
754
565
327
235
665
100
816
741
146
400
63
744
960
960
181
68
966
365
250
754
411
665
393
327
377
222
693
808
771
111
997
795
953
853
795
779
693
684
301
968
701
620
587
665
249
772
693
798
506
482
531
445
299
586
828
454
566
673
603
730
642
286
457
509
650
779
713
828
554
383
263
253
587
316
62
605
563
329
691
828
587
253
896
418
298
672
301
449
467
63
563
263
788
55
290
321
706
914
454
808
692
754
629
754
401
691
823
882
665
72
974
322
411
282
432
672
704
882
270
953
730
162
787
810
94
876
470
882
506
566
168
345
852
984
470
424
92
843
424
506
400
605
923
847
693
587
642
99
449
615
800
984
828
800
547
335
566
506
609
547
393
845
842
282
76
972
665
411
771
949
629
779
181
224
701
282
953
103
168
313
704
810
629
771
454
620
97
291
771
209
847
489
724
972
418
665
713
92
62
146
329
420
691
672
741
960
580
852
843
321
682
189
650
365
957
367
587
808
419
509
938
953
852
168
411
726
222
535
896
751
445
146
97
43
321
489
986
644
772
724
420
482
804
942
853
896
92
823
966
543
335
71
565
162
822
282
383
233
313
989
171
393
772
818
487
420
845
555
71
410
52
795
853
419
923
316
563
322
609
603
68
374
580
78
665
976
171
211
383
828
535
400
322
211
92
257
40
957
620
100
257
997
270
565
363
555
554
673
361
401
682
181
313
693
882
816
983
957
756
298
189
960
250
467
804
345
615
756
974
513
367
91
457
842
572
895
605
209
548
895
555
432
384
374
531
52
393
828
40
642
322
942
644
513
424
726
756
377
771
974
485
43
233
485
615
548
691
249
644
71
78
726
740
586
487
235
21
823
730
249
543
745
684
938
949
290
603
684
449
103
91
71
566
78
574
968
968
432
704
420
795
744
997
257
233
393
587
895
233
384
832
983
365
587
823
586
531
40
615
401
603
419
286
