1
2
2
3
3
4
6
6
6
11
13
15
16
18
19
21
22
24
26
28
28
31
32
33
35
37
38
38
38
39
39
40
41
42
43
43
46
46
47
47
48
48
49
50
50
52
53
53
54
55
57
57
58
60
62
62
63
65
68
71
71
71
72
73
73
73
74
75
76
76
77
78
78
78
79
79
80
80
82
82
83
85
86
87
88
88
89
89
91
92
92
92
94
99
99
100
102
102
102
102
103
103
107
108
111
111
111
111
112
114
115
115
115
117
117
117
117
118
118
119
120
121
123
125
126
127
128
129
130
130
132
132
132
135
135
137
141
142
146
148
148
151
152
153
155
156
157
159
162
162
164
165
166
166
167
168
168
168
170
171
172
175
175
176
176
178
178
180
180
181
185
185
186
188
188
189
190
191
192
196
196
201
203
208
209
209
210
210
211
212
213
215
216
217
219
220
222
222
224
224
224
225
226
227
229
230
230
230
231
233
235
235
235
236
236
239
239
242
242
246
247
247
247
249
249
250
250
251
253
254
256
257
257
257
258
259
259
260
263
263
264
264
265
266
267
268
268
269
269
270
274
275
276
278
279
279
281
282
282
282
282
283
285
285
286
286
288
288
290
290
291
292
293
294
296
296
298
299
299
300
301
302
303
303
303
303
304
305
305
307
307
309
312
312
312
314
316
316
318
319
321
322
324
325
326
326
327
329
329
329
330
332
333
335
339
343
343
345
347
348
350
352
352
354
355
357
358
359
360
361
361
363
363
364
364
365
366
367
369
369
369
370
370
370
372
373
373
374
375
375
375
376
377
377
379
597
650
446
455
566
502
659
540
540
392
420
426
596
463
460
438
413
518
586
538
571
592
640
576
549
432
660
407
605
412
605
648
607
599
545
560
423
492
501
514
651
532
442
553
642
536
559
591
619
541
405
427
555
384
654
575
568
606
470
643
408
388
572
449
526
634
465
465
450
528
649
418
663
453
472
496
454
481
524
644
495
413
425
555
475
535
584
506
571
398
427
419
394
580
574
425
623
424
400
629
384
488
575
400
403
587
609
624
636
380
618
397
572
554
393
395
603
436
518
487
512
523
456
624
393
399
383
387
638
518
443
583
644
567
424
398
486
629
403
599
507
563
539
572
387
443
446
419
606
525
543
532
457
521
412
483
412
537
418
650
589
615
411
455
606
394
562
482
567
548
446
386
389
430
509
482
633
454
513
629
531
633
449
536
511
563
420
400
624
402
589
599
586
490
525
419
485
445
586
527
459
582
407
644
600
501
635
419
470
578
609
547
507
568
439
571
515
428
457
433
585
594
410
652
595
512
423
638
488
470
439
531
510
513
393
648
535
424
579
520
537
660
412
566
535
620
431
485
493
569
603
623
442
477
521
614
427
570
642
393
420
472
618
504
382
454
432
382
489
436
514
568
543
508
563
447
605
553
511
615
473
538
406
631
577
565
568
593
611
417
574
404
467
635
507
463
587
497
494
581
664
665
665
668
669
671
671
671
672
672
673
673
674
676
678
679
680
680
681
681
682
682
683
684
685
687
687
688
689
691
692
692
693
699
700
701
701
702
702
703
703
704
705
705
706
706
706
707
708
709
709
710
711
712
712
712
712
713
713
714
714
714
716
717
722
722
722
724
725
726
726
726
727
730
730
731
732
733
734
736
737
739
740
741
741
742
743
743
743
744
745
746
747
747
750
751
751
751
751
751
754
754
755
756
756
756
758
758
763
769
769
770
770
771
771
772
775
776
777
778
779
779
779
779
779
780
781
781
782
782
785
786
786
787
787
788
789
789
790
791
791
793
793
795
795
796
797
797
798
798
799
800
802
803
804
804
804
804
805
807
808
810
810
811
813
813
814
815
815
816
816
817
817
818
818
819
820
821
821
822
823
823
824
824
826
827
828
828
828
831
832
832
832
834
835
835
836
838
838
839
841
842
843
843
843
845
845
846
847
848
849
850
850
851
852
853
854
855
858
862
863
864
866
868
868
868
871
873
873
874
876
878
881
882
883
885
885
892
895
895
896
898
898
899
899
904
906
906
906
908
909
910
911
911
911
911
913
914
914
917
917
919
919
919
920
921
922
922
922
923
924
924
925
926
930
931
931
935
937
937
938
939
939
939
940
940
941
941
942
945
946
946
946
946
947
948
949
952
953
953
953
955
955
956
956
956
956
957
958
958
959
960
960
964
966
968
968
969
970
970
972
972
972
974
975
976
979
980
981
982
983
984
986
986
986
987
989
989
993
995
997
997
998
999
999
