7589
7092
5715
6142
1424
5270
1071
4420
6513
5326
5296
2132
7297
2280
3755
2547
2230
7874
3988
6675
3973
3604
2727
1019
2260
7415
1290
2035
7829
1975
5868
2326
3473
4520
5764
2202
954
6896
3777
3496
4373
8538
7938
7834
5263
7499
3791
943
4735
4861
9005
8195
2833
1675
6894
6659
4427
1175
9781
591
1475
4218
2417
6225
3306
9326
868
6784
2731
8521
6408
6857
7029
2566
9486
9269
8323
6717
7724
4748
2615
7762
4685
8690
5509
8432
2054
9090
3587
2430
4218
2273
3119
6581
7012
9680
5067
6937
9955
4498
9797
4552
8601
7092
8840
3423
9717
1073
7462
8752
5162
2357
9995
8337
2417
1820
6180
9680
1706
821
7347
7709
6122
9100
6577
7188
1955
1890
8619
8834
9235
2780
5627
4994
808
6590
2410
4948
1663
6590
5499
4346
6584
3192
6923
4718
6286
5902
2809
388
3116
2518
4898
996
1698
3980
5354
1324
2082
2920
6071
6488
4206
4507
9699
3508
6643
4802
205
4027
899
1816
7370
7625
4224
2248
4173
6725
3555
4637
292
6191
7567
8813
1293
1830
4176
2824
3604
355
8587
8312
6427
7999
3083
1996
5856
6954
6244
7678
5212
5412
1539
8814
5306
4309
5923
6430
3731
2773
1492
6578
7894
426
1956
5709
5308
7811
964
5135
7399
9831
4000
1026
5228
1692
6437
2172
5286
9100
9494
2998
4088
7535
9503
6697
6736
4607
197
8902
3228
3768
4095
4260
8276
5576
3447
6894
5015
4972
395
9532
1586
4772
5535
3634
3525
3807
4979
6383
1323
4777
9577
8660
9106
3693
27
1845
118
3635
7226
6928
3815
8615
6919
2682
1003
2330
340
9858
7654
35
6394
5249
4097
9011
4188
1143
8188
7534
6901
4011
8419
1306
5968
9878
8095
1737
8920
6597
1948
2340
8684
6746
1099
9345
9642
291
2507
7394
4237
7078
3082
4167
7299
7463
3711
7536
6028
9538
8705
7097
1369
7880
2752
1289
6183
6357
4025
610
2318
2096
6331
9895
4930
2409
6256
6285
6837
423
8744
4391
2247
6176
2997
6544
1143
6814
6918
4721
7210
6744
86
123
1914
122
1213
4091
7457
770
1370
217
8197
8130
3556
8421
2021
667
3708
4248
1331
8970
1128
5726
9772
9488
3798
8016
4614
7967
9484
1271
1025
362
9656
2550
1602
6583
6135
6663
8482
3584
4389
3379
1884
7409
3599
8299
1084
9957
7855
1849
8176
9975
1149
216
9382
1417
1789
7113
1866
8762
4231
1541
2493
754
631
5372
4217
5745
278
8093
6995
3080
6573
3895
9210
59
3403
6603
825
8283
9027
8113
2658
7574
707
9097
5334
6961
6516
9327
226
7274
867
785
4305
6672
2070
9050
1625
6105
6156
5388
4053
6758
7432
9046
6334
9283
368
2217
3676
9641
5835
7022
6790
8171
2168
8307
63
2766
9606
3888
3945
7925
2706
7202
9128
3477
3951
218
1099
434
1112
5589
1530
8270
4949
1549
5642
1111
5408
174
6706
7327
4079
5408
6313
4634
3698
5281
5394
5887
5488
2838
5245
6042
200
6485
7970
6799
6980
412
4707
1900
994
7694
8087
702
904
6390
5802
3684
6971
2736
600
4754
9647
2258
6424
3540
5189
6215
7952
402
9339
3980
7171
3317
4832
6518
3738
6994
6627
4607
6289
4895
7643
678
2892
285
8891
7620
5271
5149
3920
959
483
7779
3745
9401
7245
8590
2473
4655
9570
6555
6812
1237
4581
3537
7131
4404
7850
7957
3195
7071
600
9655
6161
6954
6086
8561
9773
6799
5123
6752
6360
1774
2420
4431
4994
5845
6006
8774
2246
967
5612
9416
2556
3863
4080
565
681
9029
1613
9289
9328
8526
6262
5712
2334
8536
2951
8911
583
8646
3442
431
9207
2259
2394
156
4051
1552
5937
3215
4157
4811
2495
8078
1951
1867
4752
4857
1378
2447
7369
7999
1879
603
3870
9977
5137
3941
3430
2967
8672
1417
4972
6768
686
3650
2894
1655
4929
7535
8795
9636
6991
3438
9605
6946
8351
1266
7674
782
2510
457
2810
5433
6770
9302
5234
5417
9030
7799
34
5123
4863
507
1081
5373
5541
9600
8820
6543
1550
7956
1850
1995
34
5965
9949
5464
6875
1606
1510
7083
9946
118
6803
9028
3182
537
7657
816
3076
2995
7113
822
6838
2842
6959
6520
8265
6187
3521
557
8697
7073
4959
1316
8729
1578
212
2252
6002
9927
2990
4076
8464
2058
5451
3648
7617
962
1806
938
6242
4689
8790
7565
59
5393
5932
9957
3305
3985
9091
5813
2303
1040
5609
6035
6277
3836
950
9998
2996
4544
7461
2165
7295
3578
2848
282
9965
984
6620
1207
9578
7437
6027
8276
443
3456
4166
8998
3631
2383
3098
7478
5509
1511
7137
63
551
2029
2151
6888
3082
3780
8128
1160
9355
8822
9242
8292
8706
383
5647
6615
4516
9021
2461
7953
3624
858
3244
8419
3014
3951
1102
4669
2585
4747
7649
5416
2698
8758
7491
8485
7107
9011
3180
1479
9271
871
2209
8488
1349
1152
6120
9709
2814
5190
987
6213
1412
3108
8107
5769
4526
7092
4538
8879
4574
3810
6207
8738
9373
3795
8343
8439
8989
2087
8337
517
652
6052
9230
1763
5901
506
8645
8657
6704
4259
6897
2385
1993
3594
3656
673
8692
2332
6862
6993
9930
9606
2811
1519
3539
2174
477
341
4559
9573
2664
2238
7452
5234
7484
9220
8241
3542
9023
4956
5286
416
6892
2399
5924
8228
2699
7735
4120
4336
6375
5408
4603
2836
2567
8416
5905
6778
5979
1757
3325
9403
354
9446
6194
7276
9685
3055
3915
5721
5863
863
3874
7728
2105
9194
6596
542
2529
4266
8785
2241
512
5364
5268
584
5513
3966
6587
7326
8417
6526
7935
4470
1714
3788
1838
8639
45
439
5704
5521
6674
6710
486
3709
6525
8863
8761
4385
5696
196
175
1758
7219
8029
6762
9597
2734
1960
3417
7607
5611
9053
96
3458
7027
5872
3343
6085
1736
9804
713
7910
1556
2576
1369
2891
8139
8817
8431
2522
2955
5712
3360
2241
7819
6802
253
9562
8933
3317
276
4590
2435
4036
4292
3731
4453
7950
2719
2131
1927
9059
3586
469
6181
3971
1269
7082
3545
2197
5786
4756
2143
1215
9124
4601
7446
1044
9865
6939
3973
9387
6743
2898
8341
5896
464
5644
3424
4838
230
2145
470
2989
3334
5078
4911
480
919
7962
3038
5705
8925
4025
3481
9264
6989
8161
306
8762
4829
2401
3066
5988
5218
6691
2320
4497
3259
3296
8520
4362
6727
4857
4534
5353
8556
6741
6733
808
2619
767
6308
6220
4138
7103
3446
769
8935
930
2000
2958
9598
4870
3253
9930
3939
1038
1349
9455
3067
9308
560
488
5988
6082
8722
148
3633
4292
3542
6396
713
1522
939
835
3856
4718
4061
7291
9688
6342
5194
1666
991
2976
5677
7659
7505
2182
9759
2036
9902
8304
6633
9309
6437
9751
4999
4073
7509
6234
6877
321
4236
6933
157
2890
89
3744
6860
3948
3739
7804
5659
4503
9936
9020
3940
8002
5500
1868
5003
5507
3989
3146
4907
1654
7830
9705
2422
4949
3336
2295
6165
2731
6206
5206
8116
4612
8448
421
5569
2218
9906
326
1344
3463
398
1368
7559
1395
4222
1247
5057
3752
950
7495
2410
881
4243
2351
2118
1192
3161
418
8522
8330
7688
3377
4031
7331
7705
363
4432
8111
7102
6563
3698
3656
2886
878
7038
3046
1977
8005
652
4079
1935
6187
3981
8711
9359
5747
1682
5728
7370
8102
2489
3082
3395
4145
8167
7002
2590
8192
8696
6149
6308
4753
9171
4056
321
2528
6513
2268
9547
9205
2352
9280
5909
5019
7008
7106
4383
4126
2910
7627
1780
489
4979
4745
1610
7697
7765
7891
4332
3469
1356
7906
3447
8888
1331
8674
3005
7892
3327
6428
6684
4660
4895
6683
3729
3234
708
7074
728
5060
5403
1787
2852
1409
4583
4104
1737
3292
454
6608
4412
3660
5745
837
5047
3001
9604
8258
3554
4920
1458
7362
5578
255
7086
1482
4916
1886
2292
4303
5132
8366
1242
3480
5909
3960
5621
6040
7704
6100
7638
9314
9821
8953
778
3256
7288
122
963
5913
8235
6239
8790
9841
8635
4060
5552
2465
2754
3400
6617
9602
5534
2797
1425
8971
8535
6016
4114
6022
857
3376
8464
8868
5162
3739
3967
3469
5060
9189
9817
9834
5371
416
6543
2950
4706
2082
3907
1197
8705
3647
5035
3130
3069
4487
9353
2462
2719
9213
5170
8955
2904
1577
3086
6793
7632
6587
3055
9464
7937
3909
464
4929
5843
7156
7461
5119
177
4098
1936
1746
8574
1374
2279
9301
9834
6160
4758
7724
7250
1558
4341
7497
5396
7798
7676
8787
7675
5912
1206
5285
1622
9547
1371
3631
2239
3525
7601
9680
1574
7125
2617
1237
339
8795
9729
462
9941
4363
1041
9640
7977
573
7066
8558
4715
3288
9789
6449
9689
299
3927
7781
907
2015
2991
8043
1660
7966
5516
4475
4662
341
5688
4834
3951
5935
9237
9342
8108
6141
4272
8934
1760
3547
2228
9407
5096
7695
8523
5993
2676
4294
9687
7795
2623
1162
7996
2845
7386
2686
9180
4647
9994
4747
6810
7563
2271
5704
9157
5592
6542
9052
5099
4844
549
3654
9335
4464
5570
3513
7756
2613
5935
9412
9613
2739
8996
1380
2775
7551
1493
8037
7717
3748
6709
1440
8877
6490
5598
7822
3581
729
9617
2640
4214
9447
4853
6434
859
5469
9983
2832
8258
7229
198
5220
802
7365
2689
6718
3524
5456
6540
9273
2062
7177
8774
6318
8705
5188
7110
5936
3344
3802
370
9126
2819
9602
878
8304
7542
7389
7085
9823
3445
2155
6738
7508
9453
8147
4206
8419
2398
9103
9388
6935
593
9890
8883
5329
7772
2010
6038
6251
5467
9519
2879
6749
3236
5037
1804
3312
8504
9115
8823
5712
8463
4036
6646
49
7449
2308
6056
938
7845
652
4704
3373
3872
2868
8284
4170
7348
3284
4772
5764
3925
7156
8122
5868
8866
2257
7731
3500
4785
5757
9208
4042
7852
1665
235
4789
5857
2326
5865
3911
8508
101
1581
4073
1357
4086
8368
3737
2093
841
9554
9715
9236
1026
9975
3918
9885
2020
6077
1808
5543
4571
7204
2553
843
5581
2619
9218
5256
8981
6370
8249
5339
1994
7744
2637
896
6243
3530
7095
7856
9648
5004
2364
1721
4962
1595
9632
5237
563
4137
5645
5579
8098
3211
1988
8951
4821
179
3751
8563
3248
6519
3827
698
864
1003
8844
4234
4692
6859
7014
6756
8142
769
15
921
8365
6585
4262
9929
6579
2901
6907
406
9429
6045
2787
7008
8590
8894
2901
6346
481
5768
1463
3877
6309
8149
712
2159
7093
6266
6924
6555
7698
5106
727
8579
3983
5621
9265
8428
5565
1294
3803
7062
2417
9087
1574
7262
9085
3373
7288
8652
4900
9811
1514
1355
7065
5841
1924
6098
1027
3518
4057
1691
8799
319
2750
5832
5381
7501
7479
4373
8901
2554
5514
5475
2809
2079
9431
1269
5721
9935
5320
886
9126
3092
1809
8770
4005
7833
4694
8297
7837
6232
6861
4187
9026
2196
1216
9104
7957
8027
4739
3162
8679
9113
6356
4647
9643
55
8053
4702
9936
2901
9622
5183
8215
8044
7853
1634
6867
5832
1457
3321
660
6368
2581
8323
3923
1091
7897
1707
3862
9604
1984
9806
3261
4464
2516
1897
9907
8392
2727
7743
6678
6957
9496
9235
8944
3504
9158
9885
6571
9976
8594
446
4047
3001
61
7622
7385
9298
2717
6693
526
1690
8650
7293
5007
4275
9483
9524
8193
5114
8742
1848
8135
4592
9782
8234
5986
1008
2647
5663
5374
3137
1776
6231
1781
7331
4344
7067
8623
4837
2176
9406
6973
4500
5781
9288
4269
6756
5195
9016
2689
9431
3295
9470
4043
9387
4535
6321
5129
1305
2058
6484
3409
3819
6011
2809
9039
12
7819
5556
1986
3846
8046
5168
2482
7690
8979
591
2676
7316
9677
1389
160
2844
9815
6907
7891
9067
9304
2729
6888
8867
5110
422
7021
161
3045
3753
8167
3706
7559
1110
7200
4757
9072
9308
4728
1602
6610
631
9235
1350
4728
8284
473
3750
182
294
5495
8792
6520
7439
7959
8188
7327
1268
8203
3525
7691
9104
7782
6362
8816
7232
1530
1286
3511
4473
8054
682
7918
4243
2303
9934
9797
1538
2515
9718
2003
9866
7032
7230
3175
6275
5201
2089
6380
5804
8615
3358
1472
8994
3979
3137
8737
6697
6106
9483
4402
3682
5896
7887
1631
9989
1466
6909
7370
5985
1887
126
2628
3626
8017
2985
3331
5403
4094
4747
6746
1489
7543
9190
1162
5276
7020
7810
4009
7574
3663
6342
5382
7551
9052
7935
1336
4710
99
2744
2237
9832
2609
7796
9341
2859
8553
2232
6870
6565
9547
2737
3694
2862
5898
4872
6241
2090
8558
7836
6802
440
8879
3895
4294
4082
9030
1197
7398
4563
4574
7187
4785
9753
4629
2660
8677
1642
206
4645
8174
6793
9918
3910
1705
2152
9645
6626
5863
1209
7666
1540
2446
1305
7627
8610
7491
4962
5655
1493
6019
5253
9716
5419
4703
5315
1980
3596
1006
9337
2927
1209
1779
7695
9256
3369
7650
689
4234
7230
3685
6965
8769
6168
7018
8206
1975
9410
3092
4975
3920
9911
9501
8944
8510
1244
1562
5216
3289
8799
3580
8537
1870
1076
8208
6738
5132
4430
9905
6080
5340
2194
5992
9390
5605
5512
317
7363
5587
2070
5991
2494
4314
1742
6891
7731
6796
5769
9063
6357
6613
2957
8755
1141
739
5475
3925
5373
3641
6509
5308
3539
2788
5191
2135
5351
491
530
1156
6158
8243
8769
6700
938
5612
9051
6067
4483
1510
9086
6167
1401
211
4929
4387
1185
189
2393
556
3846
1699
8773
4707
3336
2312
2394
9555
519
7153
6525
767
2319
8152
4045
2391
3553
6917
4491
5562
3789
4698
5497
1503
3768
3073
8403
4813
5107
9644
7443
8629
7637
3531
3218
7813
8140
7824
6571
3884
991
2567
3206
5419
3823
5180
6375
9332
7444
8945
9503
2109
326
138
4060
8884
9242
1733
1306
1720
3378
4699
4652
7760
9172
9729
9809
3792
1007
1657
7070
3013
4399
2751
4534
9026
6649
1110
5525
6580
8085
6962
5885
4417
3861
9487
7417
553
2901
95
5818
9235
6684
7991
3329
2318
9257
334
1320
3441
4783
182
5716
3637
4685
8593
543
4171
9874
2775
833
6614
2121
5431
1054
6055
5639
2794
3919
7675
2971
6191
6903
1563
240
5633
2990
615
6320
5768
9882
1876
2752
6393
5426
2647
6467
2130
1235
6451
6389
9167
4972
1154
2329
916
3308
715
4826
9391
5419
7241
6884
8467
1678
247
1726
9291
6944
4682
7184
7479
8677
1489
7212
7628
9016
1819
844
6002
57
4777
1347
9598
7911
1859
8976
2362
2053
4582
8819
6596
9557
3560
3939
8268
5294
9550
1932
1319
9455
115
9911
4623
7320
5672
2586
6717
1910
8606
1997
8231
7778
2704
7892
2098
6000
1256
8370
7478
7511
1164
8968
9489
952
623
2614
4926
2452
7954
9006
9442
1632
5639
2000
3488
765
2565
2758
7947
9191
5033
57
6362
282
209
1233
5680
3749
84
7565
1688
6811
5248
4902
5318
5861
5797
5714
7480
8619
1224
1130
2924
9886
2119
5706
3457
1861
7736
2842
6516
1443
6532
662
6309
9416
3422
9893
3419
3483
4079
8461
1528
7346
9827
2958
955
1694
2568
2834
3703
2120
7567
1766
1671
8431
9377
8715
8623
4293
2161
5262
53
8751
9782
3611
9837
3390
8226
3749
4902
9205
4600
5582
9217
8205
3849
8320
9400
804
81
638
529
5027
7373
6755
9721
1589
5756
3133
9436
6520
5955
3928
3648
8404
4770
5644
3949
3199
4179
4177
3199
731
6219
9060
7195
1743
4422
3766
9519
7375
1312
7110
5090
4476
9686
6880
3147
6727
4165
2903
3953
9880
51
8893
2670
9158
5577
2122
3771
1707
3431
4085
1738
634
1417
5674
95
7184
7688
196
6433
1815
8666
7946
6448
4750
5635
2394
5230
4036
7392
183
589
665
291
7617
4384
8504
7649
5499
9749
5744
2550
7112
882
7950
2540
7928
9226
8366
4222
3245
1110
8609
6540
5680
4464
9554
2291
15
8736
4389
8058
4417
1626
4071
8873
1372
1898
3031
5244
8853
4338
3071
7490
4439
1507
1770
2995
6681
5054
800
2692
2048
5181
6109
748
9450
1600
8
4725
3182
6916
2729
5025
5467
2482
1490
6405
3643
8911
6018
9580
6547
1462
3213
4712
1813
7532
9080
2574
3200
8427
8375
9247
3777
9346
3270
3733
7871
3586
3077
3348
7295
3815
3969
3278
7998
8903
6429
2490
4211
3333
8745
6865
4526
9883
4670
3366
7444
5966
7186
724
4872
3543
4238
5709
8225
2430
8232
2928
8325
8823
825
9883
1438
5837
2722
4702
1397
6787
8259
8802
1946
1433
7119
7672
4074
9442
7855
1362
3254
6857
7303
6031
5850
2646
462
8212
9536
3246
191
5433
4785
4154
3611
9211
9395
9106
8600
8536
8949
1495
3204
9753
2564
5223
7946
5705
8593
691
5935
269
5042
1737
5747
8490
1440
2303
4317
2631
7150
3254
9661
7608
5233
3402
844
2181
1592
1886
1026
6769
4977
5284
2031
7271
8199
5983
4880
6115
2521
1044
8601
4500
1865
6156
1112
5662
843
659
7285
7051
7790
8578
2125
7879
4065
1850
3248
892
2494
1854
2476
5437
2949
2069
8942
1211
2511
180
8564
1744
403
1153
8048
5154
4067
2646
946
5387
1196
137
5260
1816
9337
29
4381
6181
7581
2606
54
5197
9191
6744
6483
8157
9180
5273
1865
3475
6519
7574
1888
6975
1931
630
4776
6561
365
60
5235
3468
8731
3681
641
3561
4294
141
4155
5179
1007
1354
8461
3582
3350
4471
8080
265
7913
6207
1660
3978
1657
94
5904
7196
2017
1172
7923
7159
1406
4327
5140
6343
9314
3845
5899
832
6418
6612
2464
3994
2890
1043
1006
3400
7094
4734
3296
9881
62
7656
4554
8952
6046
1187
3173
8463
4020
7664
3680
3092
7149
4671
3055
740
2276
5840
8681
7221
4617
1533
1447
5832
8701
3624
2082
9857
7421
7839
7299
7476
1612
2367
8406
9262
4220
9102
5283
8414
8630
8989
2626
2229
2592
4470
359
5888
6402
9446
7744
8266
5862
9162
8349
3772
9803
7753
5155
6857
1583
8407
998
5985
5699
2733
1714
7496
2126
4939
9269
1796
8785
6584
7668
1009
4465
4560
1195
6333
8129
845
1488
2117
4476
4069
6433
6195
1170
5362
1642
5419
3555
524
8184
3157
9850
1258
1345
3442
9092
1298
2225
7903
5442
2198
458
6441
2556
1346
6370
716
3847
9017
550
8700
6337
3772
2026
2217
7273
6610
7177
9134
8958
5319
2944
3306
1361
3094
4488
7525
2103
84
2223
5801
7333
5910
2562
8076
2724
6760
5466
8422
2976
7763
6317
260
9712
3029
8957
6075
7330
8948
5292
4673
4833
6711
7819
5810
9736
7442
1092
7502
2831
9836
4667
722
1610
23
8824
1948
629
5025
6940
6988
1810
9097
2743
1794
4055
9240
5288
236
3055
1143
1142
5855
6717
7243
6198
7358
702
1362
7048
3864
8718
7486
1222
8528
3786
717
5421
5941
4342
1908
1003
9750
8946
2401
1031
2499
3957
6291
4848
4531
3016
7698
9192
1690
57
7810
9400
3440
8259
8470
1197
3691
5404
2077
507
8966
2781
5760
3982
5726
2745
8253
474
199
9096
7841
7185
1423
5775
1623
2673
8156
2669
2890
9809
2331
1864
9556
9520
497
797
5305
3177
3677
9668
5869
6095
4493
7519
3597
1859
8809
7021
1726
8520
6076
4067
3875
3168
9530
1261
63
549
9790
3015
3532
5659
1714
9242
8987
2643
8173
7503
6265
9741
2322
1962
5343
8014
5209
647
841
168
7615
1618
6331
896
5919
3848
1485
2078
6027
2875
3577
3816
2045
1318
8209
3454
8783
6053
4810
7084
7902
2167
8839
882
7630
2263
2377
6073
8177
9210
338
2678
5116
2328
8183
2231
2622
3429
3695
2411
568
5795
1630
3546
9290
8306
3464
9117
4009
5520
479
4850
7422
3343
1128
5948
3258
7862
505
1252
4048
5752
6006
1220
2848
1223
2823
3782
893
9968
2648
4681
7105
965
2122
6605
2645
3199
1176
7764
9537
4283
6376
637
2446
9268
1201
2387
6029
5126
9999
8775
7164
8787
4221
5445
1378
2172
5028
2893
9236
2885
9574
8917
2095
9237
9614
8839
7617
5457
2439
2680
5615
6727
3618
7597
3486
8153
8875
6874
9392
6304
2073
6383
1392
8732
9330
2718
3644
8149
9969
9920
1256
9022
8121
7964
9286
6039
5338
9211
5246
6644
9189
7853
1530
6672
7085
2251
571
8779
6974
3139
6004
7119
8490
5449
734
5385
5607
5673
8014
5794
2178
8951
6600
1223
792
413
7274
2941
3714
1405
5356
7502
850
4755
9523
1867
2940
6165
4479
8805
6201
9865
1426
702
8556
9063
6811
4035
5709
7673
4500
9851
7588
9391
9230
2601
9162
2381
8999
5177
3039
8918
8633
3260
8978
6356
7259
4110
4222
6810
5025
8064
5544
1420
5132
9441
3553
5475
4878
3264
2981
1553
9513
1368
3257
4380
2427
219
8905
9176
6377
836
2751
2806
585
9768
8136
7304
3467
2841
9650
6224
8977
4566
4467
1605
951
3495
903
6337
2052
5695
2841
3930
358
7081
2347
8452
925
2511
44
405
6612
2483
4438
3397
6347
4062
7222
61
3402
9093
9015
9634
6020
6347
2718
4618
2884
5880
7839
804
3165
4097
8632
8371
4726
3690
8320
3858
3303
6887
7495
8339
1966
2246
1548
6744
6304
1282
6466
7929
3715
8895
3704
2091
451
3028
7978
5397
5725
6157
8527
2439
1790
9189
2627
2081
2171
7308
8069
4404
1733
3625
8098
2570
7887
2204
934
4233
4911
6823
8309
9454
9114
1408
5783
9621
7989
8868
9881
3926
9051
3118
5287
2747
6331
2462
215
684
1939
4059
7555
5367
6257
5549
9412
6643
7708
2695
2448
6155
5339
4618
9679
4239
1209
9499
2367
5720
8749
4137
9562
3887
5187
7549
4346
1901
8068
8412
7108
2277
4362
3590
4980
3658
2842
6757
3215
5034
3884
5032
5742
84
9247
5094
5931
1914
3827
7983
8541
4286
3009
3016
8874
488
9872
1121
825
7396
7710
4504
8421
45
3319
450
2426
2888
8313
6001
2436
5967
5047
2483
5742
6989
3477
2312
2543
5981
7918
4802
4218
420
2877
9376
6862
5792
8408
9470
8229
2236
1237
6445
9441
3678
3576
4039
8065
7428
6891
331
3444
6582
530
54
4331
9332
5220
9705
3582
6165
9194
6949
259
7234
649
6078
6408
8329
5168
442
1082
405
7742
6235
8561
3630
2451
2273
4552
5409
7365
8124
8200
9897
1345
9330
8443
3744
5070
9732
2478
9723
4235
8405
8510
3481
3264
6672
173
3340
8488
6352
1609
6638
1517
8261
2808
2333
3348
157
3293
1593
1079
904
5189
32
9117
8803
7096
3373
1710
3050
6743
6980
9419
3080
7153
5988
6347
7391
2903
9632
1359
7553
3488
3461
3617
2120
1993
6102
8971
5113
1937
9900
1041
3363
1923
6171
3245
752
3649
7777
1408
8200
2312
3189
7267
577
864
7960
9391
1572
4
2268
3380
8142
1081
8163
497
6508
4799
693
1583
9393
5143
3891
3107
7686
7269
8771
8281
3920
3842
5047
9018
9979
8902
8693
8318
1927
473
6383
1527
7372
4123
2025
3606
4198
4762
6575
3474
1843
3698
957
406
3718
9041
9452
1893
3768
9746
6685
4641
1599
6141
7191
7167
8280
2392
7906
8887
5065
2141
3947
2335
9773
4031
6748
4698
2356
7364
9498
8353
6855
3382
4056
5112
8794
8261
5295
9742
7374
7807
5517
2315
9672
6616
748
1120
3324
7249
9598
6737
6591
4368
5090
2662
7327
5919
9725
9587
3688
7901
9772
2429
6323
8570
5529
9665
1449
332
9387
9929
7444
9708
8538
2086
6000
8753
6504
2028
4733
6411
4453
8995
6138
4759
6404
1824
8024
6853
4006
2191
37
708
8479
468
4289
4632
5609
5359
9799
2973
2771
937
2958
1772
4246
6281
3473
3589
3593
4528
8051
9966
2357
4135
7560
4167
6681
6092
2671
3527
2848
2725
7711
5810
9809
3988
1492
8698
804
5544
1887
9029
8811
4409
3497
8843
5490
7488
5591
9118
8522
5916
2630
6483
2719
649
9621
6727
6510
3824
5262
3274
4665
2585
200
5793
6009
75
3933
6229
2345
3690
3694
4009
8003
6211
8933
143
9464
3155
5625
2913
146
723
606
8124
9038
8597
8869
1122
1278
7522
7720
9999
565
4932
1719
519
1773
4745
4742
2278
7067
3785
9587
2065
365
3195
5126
3916
4811
4369
4468
6614
3170
5236
3821
4534
8155
3070
1489
2712
6679
1356
7764
8421
3790
495
3533
1602
4748
6236
18
3169
9648
3589
6699
8727
2164
7163
4473
9933
7754
2288
4873
4426
5769
2229
8721
8413
8106
5470
2056
1103
3583
2145
5634
7507
9354
1981
7306
2257
5509
7561
1843
5889
5500
62
8854
637
6920
1663
5080
2163
2683
9654
4764
8495
1704
6848
9717
3271
1943
6737
3691
4036
6439
7602
5876
8280
6091
5503
7147
3325
4775
8266
5010
2162
7644
5776
8020
6298
3086
1383
2966
4935
2903
592
4479
5026
9205
7748
6926
6167
8527
5518
8578
5602
1658
9208
3048
2606
8934
3541
6648
6220
7106
9015
2600
1132
2014
1163
236
1200
3221
6086
8574
9250
8754
8083
7694
3091
3350
1774
3462
435
7260
3722
3342
6553
5548
766
9268
8360
5247
4854
9997
2518
6775
5882
8095
9982
1274
3301
7033
6621
8180
4844
766
8345
1980
5065
8578
2603
6759
8127
5754
4989
7540
693
8536
3188
7612
4203
7511
5080
4076
3546
3328
5014
671
1903
1103
8460
3554
9020
5830
2346
9029
1804
8212
5004
1367
7389
6416
5936
9748
4994
187
1885
1124
8388
3089
7893
2034
8449
6609
4671
3801
3364
6891
3341
4172
7673
9089
2647
5677
5650
7218
9262
5218
2805
4676
2175
5304
6895
3108
851
7247
2327
8319
6957
469
6575
8555
4603
1955
9712
367
545
8899
8476
7108
1755
4444
212
5272
5145
6258
4262
2182
9882
6870
2424
7672
1223
8082
1061
4731
2691
1502
9790
4528
6720
4349
5660
3135
5992
8914
208
6614
2702
576
5378
8485
9496
9777
9521
3194
4505
3307
3235
9270
2789
7249
795
5154
5505
7597
9721
3286
2124
2438
7688
7535
4111
6569
8912
4150
3708
4373
4689
1595
9860
2605
5323
8486
4840
9483
7782
8084
8632
4838
7146
2333
2367
9645
5981
8143
2665
4564
3372
7855
4979
3886
6561
5707
5581
924
9102
6170
1436
4032
5293
7683
2561
8275
986
9076
1537
843
1956
7258
9512
9298
9896
2778
644
7748
6071
6313
1811
9484
5051
45
2163
3530
2655
7439
5182
5694
9601
2582
7462
5211
3915
7547
9208
943
3720
7844
7916
9066
1704
6386
8059
3203
8323
5213
4955
4214
7329
2627
1217
5065
1848
2509
2116
4857
86
9640
2350
3287
1998
870
5264
3171
2332
4236
4192
6242
1296
5973
3070
2868
8937
4000
3397
6017
8556
7019
8708
1350
1791
2659
633
4699
9452
946
8568
1927
5078
84
3016
6895
9736
1563
4066
2013
7246
5476
6906
5486
5486
1886
1183
5819
456
4073
9263
4014
868
4651
5601
4912
1095
5027
655
2572
6565
4672
1809
135
3453
1581
8738
1247
6009
4561
263
695
7192
8379
873
6408
7566
5071
6622
6335
5436
8155
3527
1915
6739
3777
2616
4238
9286
3674
4272
4871
4075
4691
9490
7178
9665
4520
3434
7524
8747
1384
9999
2161
7058
1373
2745
2998
2052
6799
7787
9988
2476
7617
5329
6538
4545
7837
1944
6570
4802
7267
3774
6748
732
1065
401
5364
47
808
1686
9524
8910
9095
6135
2188
3801
1024
1213
6090
8667
8383
8472
6402
1986
8203
2292
659
8299
650
4256
8905
7643
9727
4439
5399
9067
2095
4071
1063
4968
3583
9483
2479
7442
8078
8926
7629
3855
6207
4264
6187
8827
8709
4295
7721
8648
9184
6827
3274
4719
8173
6812
176
9709
1535
4532
5230
7465
1259
3815
2468
8438
1107
1726
7940
6107
7322
8336
3670
787
9855
397
514
1849
5879
7741
6499
8587
5181
9789
8265
8867
5923
8293
2388
8865
708
2332
4625
34
5010
2438
9485
2751
3897
7116
420
14
546
6861
5268
8718
4732
963
4404
2495
1531
7919
5700
964
2186
1884
7408
4594
8535
6686
8068
9679
7842
5464
9406
7121
2435
3991
4048
3996
2306
1753
1813
4868
2840
1702
351
3045
5716
4462
4238
9486
7393
7204
5090
3921
5585
4165
4140
9895
8639
3678
3220
1189
3769
1380
1740
3427
2116
7839
9289
9295
8572
6533
4620
4013
8955
4387
3254
2618
1971
1067
5169
3858
2438
6215
7920
9819
457
990
5640
1399
2727
878
9554
985
7203
8743
1406
5348
416
9271
8450
4541
5958
3640
5601
8057
8834
2624
2858
6336
4536
7513
6331
4137
1377
5251
5912
5369
3375
6907
3430
1658
8775
33
6113
2475
8195
1932
9439
1254
5589
384
6962
2670
1046
3087
5824
4793
2594
2014
8312
9754
2998
9466
1800
8105
7719
1607
3377
9492
4086
8942
7882
7892
805
3327
3285
3073
3243
1606
1594
6672
9897
2413
2217
9037
829
1861
4895
2150
3670
8097
4147
1393
7530
7013
2979
2503
7614
4381
4386
1803
9980
7433
6016
6309
6289
4232
4141
5925
3515
5850
4645
2516
8077
8871
4494
2575
9232
4351
4818
6176
6216
6849
8971
5690
8077
7941
5193
6256
7567
7895
6475
9366
8793
6834
982
7089
5171
8546
9557
3849
5805
4113
1695
94
5420
1083
6906
7001
2855
7919
2771
3254
6583
4900
9863
1546
508
6110
2317
5840
1530
8047
4068
6875
2115
4771
8011
209
6438
4951
1599
1962
6438
9173
6691
5732
5086
954
5493
5599
9113
4863
7045
2699
1308
4008
9821
2219
1861
4515
9600
7373
1505
9362
5399
5851
3000
2450
9298
5554
7961
8490
679
7597
7528
5110
8393
4518
4981
7662
8401
856
4003
6440
1826
7736
5007
5291
7777
3908
4024
1744
7432
432
7240
1469
8224
1768
6221
6891
7229
4387
3874
755
158
3645
1890
6297
2071
1265
9335
1387
9959
9687
5714
2908
9981
3436
6119
8101
9203
1789
8240
4008
2902
3006
9785
975
2739
7436
5195
8286
240
9116
3987
5290
6168
7245
7083
3899
870
7968
4776
6898
6357
1860
4839
8034
1726
5442
8659
2148
2946
2831
9963
6069
9215
8840
5541
3371
7569
9680
7275
9266
8736
5503
4552
5140
4948
2550
7854
4298
6208
6540
8725
6871
8935
7436
782
1303
8150
3601
8720
2903
9845
7925
1926
1024
7976
4928
3351
3161
6144
3250
9562
9484
5157
374
4477
9678
6479
6311
777
2870
7484
2143
6742
7196
8105
5488
8748
2787
453
5304
486
2330
7863
4877
6304
2449
7290
439
3744
5579
6308
2310
9631
6868
9710
7238
4835
5598
9005
9653
5752
8279
5696
3704
3888
6215
6082
3383
2042
8306
8905
1532
8947
404
7816
8467
8239
4318
9207
8346
3658
3794
4581
8948
6607
6199
7542
9934
1759
404
407
7829
3968
5616
6576
2101
7380
1247
3673
4903
5715
1841
6399
466
6068
6271
8748
9904
84
7333
5463
5260
3132
1059
1014
2560
1968
9222
666
6123
7002
4743
8052
1493
3813
5476
9991
2746
1052
4425
2860
8925
2640
5132
8513
1748
5403
6853
3016
564
5456
3229
6207
2935
8
6584
9282
5054
5450
2205
3590
3421
544
363
6276
8848
502
6615
2513
2982
3363
8405
5253
3236
8760
2746
507
7677
8836
3558
1320
2535
1865
1188
8966
4308
7248
5853
5876
5586
6582
2517
7441
8737
8894
2278
464
3902
8572
1820
6610
9875
4881
2591
8516
967
439
4627
1519
5164
9243
6190
7353
4389
5398
6357
9608
2646
9398
7021
3708
116
3156
4529
3178
1429
6302
207
7422
5692
4092
1930
5285
7127
8732
3797
398
6318
5114
7758
9394
9744
5682
3468
1675
1334
6509
802
248
107
3802
269
1273
8927
2909
8496
2420
9338
4747
5330
3963
5874
5499
8684
8681
30
1722
7094
8444
566
1853
5064
1298
5841
721
247
4056
783
8563
5681
959
1032
4594
4248
5766
5883
9669
6210
2306
1140
6599
8590
5282
3884
5523
5345
1548
5028
1502
2357
7541
5111
7728
3469
2275
7900
9843
1162
5327
2242
6820
7161
945
2473
3677
3854
3461
9333
686
9399
2110
1550
7398
7182
8317
6910
8562
2626
368
7236
1357
3572
7558
2527
8288
1665
462
4214
1049
8644
3172
6782
7396
711
6222
7812
989
2050
9325
8965
9807
476
141
322
837
2969
4382
1478
941
9824
4938
6960
7876
9733
1548
4951
5384
3936
1477
7384
8400
18
2350
2219
6126
6696
6552
266
2181
2126
7863
1736
9694
1527
5158
7641
7751
5744
3679
5654
1086
7943
9424
8902
3751
7982
7041
1999
2324
3193
385
2190
8523
4134
5696
1792
1753
8144
4587
470
7352
9391
4079
8952
617
1882
1393
1796
9661
3667
3214
6295
4595
5129
8739
9607
3805
5984
9111
7052
8036
3803
8493
3182
5102
2494
8103
3838
8991
5299
6884
9066
2239
3344
6727
1808
4095
2963
2498
6383
6797
8007
7432
4470
7229
1240
3659
7608
6027
3867
4094
9583
6239
7133
2007
1855
198
3014
7492
792
3531
8169
929
7988
2617
4334
4153
7445
1615
1387
1199
520
7020
642
914
5844
3623
8789
6102
9769
1816
9481
793
9123
9862
3829
1489
4529
7481
2888
3510
9777
5425
2240
7016
9832
2725
1101
4893
3929
7928
3733
2968
2891
1038
2397
8732
109
8829
1189
3227
8679
8011
6287
8692
536
8161
5496
990
2378
1350
9814
6854
4526
3337
7904
5183
5344
89
280
9459
4028
6712
8172
1065
942
5013
236
2850
7106
6520
1323
6645
291
4575
5345
8415
8404
1340
1710
6710
7849
869
8042
2813
3308
2187
9832
7842
1230
9594
376
1639
6800
1766
1951
8782
530
387
9194
4457
1106
9658
8246
8567
5319
8190
3179
8826
5922
1182
8334
1085
1045
3275
3499
2693
9714
7036
473
8146
6559
107
1626
2151
6551
5533
9679
6968
9029
4355
6639
949
4486
6359
6388
4831
3407
5849
5895
5130
1586
2061
7874
4087
4246
4806
2844
1366
8973
6708
5343
8056
1387
5264
9382
4816
7663
565
9845
9767
1249
9070
5173
7730
9995
5682
810
3548
2228
5493
4865
3741
9158
244
7750
5338
7098
1064
3814
9420
4652
6215
6097
4917
4595
3468
9740
6746
3245
8719
842
9704
2808
6939
6054
1410
3567
9095
8793
5371
5716
3085
2046
16
6130
8883
6785
4987
5310
5344
3403
2798
1837
3866
1899
1654
5971
9740
6340
5388
1218
5624
3035
3352
8461
9686
6466
9480
4205
6941
6692
9625
1540
1833
9406
6606
7050
9633
6938
465
3546
3018
6981
6192
5323
3957
9809
8952
8775
5874
8604
597
6819
3827
3203
4203
730
3280
6335
9655
8138
6806
9616
623
3789
1046
6702
5774
7662
2845
1706
6031
4099
3161
1197
5695
6071
1839
2088
2912
8279
2177
4991
156
3056
9607
6019
1423
8012
1220
8560
4979
7214
2723
4939
1278
2631
1326
5983
5683
2952
6504
2759
3185
1153
7137
6079
6664
5798
2608
2318
5162
4704
902
7368
8595
7545
5924
9503
2742
3745
659
4740
4116
5342
679
1546
2590
8896
1861
7230
2619
6850
9062
9327
8873
8393
7639
7086
1857
9786
3813
579
3728
9780
2232
4093
9015
5365
3006
8057
7129
9255
20
1873
374
5614
9505
6759
5434
4573
7477
5889
2900
6033
538
3446
789
9446
1397
7128
1551
8739
4114
5788
8509
2628
773
2658
4680
6565
2475
6847
8842
7184
3008
896
5996
5900
1307
2063
1280
861
5877
1392
1591
1427
6320
8194
6840
2240
9050
3383
8695
3162
3138
3951
3006
3632
9308
3891
8592
9946
7239
1976
2591
9928
4508
6522
8105
6874
168
5548
6171
6072
3457
3234
3542
8526
7424
13
8999
4763
9372
6396
1409
3402
8297
4369
9041
976
1805
4702
5434
2880
8591
6906
4719
2337
8007
3811
7418
7399
1838
3144
1346
6129
1068
5737
7588
1829
6660
5156
4022
4777
7176
6908
9999
9201
1817
4075
4222
1926
1040
9029
4173
773
749
9960
5209
7580
9363
811
1351
6208
2880
7490
8313
5180
1393
2899
3992
2850
7003
2510
5541
1028
4328
6222
1012
4584
6874
8621
5855
3704
2800
9555
7280
3900
1565
2700
2531
3873
6643
8479
2778
3381
8740
2275
2936
5363
1734
5294
8479
6940
4990
2076
7900
157
8748
9357
8311
7361
6574
8982
9171
2482
1059
9276
9933
2161
5389
6930
2299
7783
2852
3145
3029
6568
7928
3486
1509
1271
1385
6499
1006
7458
5288
8748
8206
3135
1140
5878
7491
9231
4840
7598
4101
3086
8997
3262
5309
1435
4434
8702
729
6449
4519
653
9721
7025
5181
2721
3356
4845
6158
53
9451
4071
9431
9355
833
2153
2607
9333
1944
1637
4172
6841
4637
8945
2525
3675
1044
4610
6960
8272
2875
1325
6184
7760
5175
2866
7468
1800
9105
7945
6679
3413
4648
3948
1652
1351
2828
2159
1094
8358
879
1693
4254
1135
3884
2300
6860
4866
4728
4436
7182
2963
8975
2475
4144
5051
7517
7433
8806
6704
2493
1649
4606
9754
9296
7674
3753
7460
7226
4702
7627
3362
8546
4126
8605
3726
1715
2340
5823
1016
3422
8364
9840
1968
1084
4513
2072
325
7392
9677
3004
4672
7565
1631
3660
6076
9761
6226
6803
4561
5354
8371
3828
6711
2663
599
3473
6050
5729
7337
4071
5167
2261
4538
4443
1309
4342
2597
9448
7690
5582
3660
7926
2074
9788
8844
1803
4928
2749
3243
8125
7363
9144
8618
830
642
5653
2827
141
6868
6141
3533
3062
4886
4926
6817
3796
5074
675
5344
3507
5117
4623
8512
8298
4174
846
5139
3085
3246
1289
6827
6134
9354
2034
8598
5654
8214
5726
8623
2045
6591
6826
1569
8065
7542
4439
7769
6290
4844
1693
2025
299
7552
2114
404
2249
3289
3489
1957
634
8871
1481
9175
7962
5261
4364
4311
4989
1506
6708
859
8012
3480
4473
4584
9128
2505
359
554
6820
741
2895
326
8354
392
282
1073
3596
4604
6887
4804
4654
7054
4235
3610
6520
4367
4608
4259
1178
4261
9010
167
1993
8232
5735
1120
2372
5048
4765
6446
7962
1558
2471
9964
1171
4262
1840
6576
8136
9160
9000
6369
4607
5539
1656
3281
968
7652
1928
5067
5251
3626
9988
9285
2152
4194
5997
9046
6498
5999
4292
2095
4673
3782
4963
1253
4997
2429
625
2452
4252
4908
8818
5334
7614
7226
9740
8172
3529
2035
8968
2795
3484
5888
967
1793
7203
9884
602
3575
2831
9091
1562
6446
2722
7638
621
7843
9218
4001
5186
4879
5282
5963
1389
279
8821
1899
8508
1480
7440
311
2400
1085
9016
7220
6648
5446
3105
2456
3273
2610
3777
7424
4148
8054
87
6415
8592
7955
9601
5840
2187
8181
3010
2825
8161
4973
4870
6984
8658
4349
3499
4298
5115
3757
1501
4286
7016
2489
9723
6404
9718
7975
5620
8841
1504
415
5538
8975
6431
8943
158
1492
2692
9920
6427
9630
5462
5374
4228
1292
463
5286
9393
2726
8285
6426
3989
2728
807
5217
2257
7628
7419
9774
722
816
3258
6737
6921
3555
1633
7364
593
5865
8337
8467
8301
5898
6672
2242
8077
3709
8500
6658
5340
598
9819
5960
9032
1819
879
6951
2894
2645
9560
519
3280
8028
8723
2953
8847
7195
384
3235
1276
1466
186
3878
172
1002
4734
8860
5207
4138
3001
4015
9850
4966
3209
6866
8898
3873
2875
2184
1876
4994
353
1007
2146
3865
1478
7897
6752
6998
6937
6491
9864
5513
2312
145
5291
9173
6910
7790
9309
63
2046
5240
7717
9701
1924
8060
6064
5578
8308
9773
966
3699
762
7320
5500
3741
6818
7022
5634
5628
7850
7929
3246
2759
8845
7879
1359
6997
6866
8717
4975
5903
2340
1400
4575
7072
6442
2712
8871
3146
4228
9866
5821
1340
7928
9680
6520
1846
512
624
342
4498
5756
8392
8143
1637
5102
4037
1740
7843
2632
3296
5169
7594
2180
4722
63
1741
9831
4799
6734
2536
3336
6408
3200
7552
3483
7700
3755
4755
2306
1594
8068
1471
8547
9711
413
5813
7845
9036
4555
5308
6031
1759
6935
7031
8979
7997
4505
9933
5057
4903
5760
2633
5755
7471
1049
3894
8274
9508
3370
2059
2995
3207
6071
6228
7465
553
1944
9099
5256
2838
7827
8484
1928
8612
6618
2431
501
5217
7539
311
43
7716
7322
7629
2942
7146
2786
6555
9378
9588
5968
7887
8151
9377
9216
7318
2581
6998
5924
7702
3541
4726
9899
9756
3014
4172
5731
2771
5405
8763
9846
6749
7135
7563
9037
1375
948
8763
3292
6845
7591
108
2404
600
7565
9837
8626
4994
601
1323
7685
7405
2949
2860
5855
6271
522
8142
3379
1710
4201
4172
8262
7040
883
3107
223
1227
3139
5040
1313
8394
4458
7916
8093
1779
618
9680
6760
9286
3687
9188
6122
1179
1948
17
6745
1197
763
746
3661
4974
5778
40
95
9655
7048
7027
3667
6218
9771
3461
8042
7999
9150
9597
4779
1192
9905
4069
9810
1735
1089
263
467
5263
2915
4315
3528
7458
3378
3927
6903
1420
6905
9884
3125
8685
4397
8435
1223
251
451
812
2276
8260
3130
1896
1338
2758
2700
7641
497
9827
1699
7588
5829
1086
57
9478
2071
2133
4289
4605
6588
7842
7702
9199
7637
7861
383
4575
3809
3288
5096
1021
8894
4418
3153
7321
8929
7578
6633
3519
8986
4807
5667
1666
8972
4456
9702
4265
291
467
1300
6238
2091
4211
9485
1259
2810
2108
3280
6602
3715
7924
31
2895
9132
8909
494
2503
3083
1636
9664
5022
6624
6578
2518
4518
9142
8161
2757
5669
9339
6574
6404
896
2172
9358
1634
3122
5489
6256
8658
8803
6227
9962
8349
6881
5483
3533
8678
6876
1735
9187
5847
4876
1112
3121
8394
6936
6463
9911
2325
5296
5223
3129
3252
1277
3825
5032
8725
3035
5202
8136
5928
8852
5503
9067
2184
2218
3976
4797
4281
2077
3921
4284
1087
4104
7034
6316
1347
9523
9342
848
5280
5710
506
6896
5077
5045
477
4508
2255
5572
8411
3493
8860
7868
1569
5866
7189
6115
627
1505
6151
4767
5216
3339
9577
3530
5853
3390
4267
839
3967
3261
5165
153
241
5545
6471
2486
6779
1318
5619
3097
2818
5506
2977
5152
8187
7426
316
2602
6303
2012
889
3334
8675
9809
8946
9966
7701
1402
9699
3011
173
9725
7861
5546
1368
8205
5353
541
313
1232
6432
1036
8244
8171
7367
5202
199
7608
5116
3216
9567
5800
330
6495
6402
7335
7343
9003
3035
3388
3672
9398
9016
2014
3515
8144
7245
8083
9530
8898
2446
5033
1559
4802
7628
7342
157
1793
5263
1847
1995
7378
610
5377
1045
5937
6802
2250
1501
54
4736
4103
9194
2829
4680
9023
3054
7189
2132
5745
5038
7359
9380
5472
4623
5063
307
2768
7188
9987
9419
2149
1430
290
5227
9204
567
9127
6482
3331
2659
3991
7062
3215
9105
4375
4153
3480
3029
5351
6544
8970
7357
4358
491
3134
4922
9276
8414
8372
9230
4344
3899
3174
8583
5454
364
9429
4106
7436
4505
140
9776
6360
2092
2563
6415
1205
8607
4027
1833
9297
2543
714
234
8899
3931
7125
7695
7826
7909
236
1792
7709
2445
7022
2975
8183
2707
1186
1739
6797
9195
2995
7982
7366
9624
7502
649
9541
5352
1753
2655
3322
4217
5869
4117
4026
7114
3206
9875
2526
6902
4673
8507
312
4510
1848
7201
4344
2620
6711
6094
7917
8995
6853
730
622
662
6265
6933
1070
8270
5227
27
5095
425
9810
7759
6511
3208
2419
7566
5281
1193
4819
5137
3550
6411
5259
6894
6836
3074
6417
5136
6378
1155
4122
5798
6384
6310
2357
4671
7536
35
3388
5007
1731
7529
1387
5974
3757
8623
8612
3482
497
9193
4384
1275
1465
2787
8702
8091
1105
5764
4363
5048
7590
2865
4635
6914
6051
1344
7984
4362
9767
629
7984
9165
6505
8215
9573
4766
3229
1239
9746
3281
5648
4481
5713
7217
1360
4947
6372
8724
3903
7019
3053
5158
1431
6910
9401
7712
8806
5503
8515
6378
7876
429
5865
8974
5687
9157
9653
5303
7676
7773
5963
7071
4100
8472
2654
9667
1936
5173
3335
8942
2940
2081
4511
4082
5503
5978
2238
4029
6163
942
7192
112
7047
2469
3926
3519
2936
797
2601
8439
9686
5409
5771
1571
1409
2404
3862
104
578
1794
4925
2022
5849
4507
1105
2253
1989
8429
5916
4710
9649
5624
2959
4500
5318
8957
5533
6387
8175
2594
9997
8682
1318
9966
5795
9997
119
1641
4430
8014
5350
4544
5783
8460
7218
559
3634
9318
981
2281
7599
2885
163
9853
264
8294
6654
7836
7579
1308
8885
8611
9461
5908
9941
1147
9179
2383
1425
3630
5004
7318
4505
2939
9913
2783
8179
6692
8983
2610
120
4247
7549
3893
7000
992
5482
6781
3645
7726
1787
3179
7558
3511
924
5888
3232
8058
1191
9460
4530
7697
7664
4563
9032
6005
1604
9614
1225
6955
7647
6556
1231
8258
4925
2716
7614
3121
3076
6370
467
2768
758
1817
6592
8399
4927
1389
4143
3531
9367
841
8141
5741
2110
6726
7829
4108
1204
867
1364
194
6021
6787
8110
5562
5135
4650
9429
5801
8561
6271
8030
895
8251
613
8107
5174
7766
4330
6259
9761
6757
6279
2907
3888
3177
9600
1248
2939
2721
9474
1167
8246
6932
6520
8333
7456
7170
515
6485
7062
8638
6800
9653
5482
4551
487
3307
5221
5033
1287
8137
1104
2236
9126
2215
7993
3344
3919
2132
7527
9782
2082
3838
2499
2416
3520
2929
2534
8601
5378
2710
446
4314
3213
2839
1608
3128
5013
2524
4117
3979
4631
4335
4372
8906
283
8524
894
9890
626
2685
4709
5870
7528
9077
8670
6422
4487
7851
7060
3763
2435
9933
6038
5233
7240
2223
6639
228
349
9212
3342
9572
5320
9897
2438
9676
9002
9560
6953
2761
3362
6404
4305
6956
7449
4809
7204
3794
9490
8139
6899
5729
3322
6169
9506
3710
3937
7216
3960
2323
6828
9632
609
2704
9309
9820
5945
9903
6342
4767
5537
9287
4812
6057
5259
1504
2228
6950
8318
4816
4428
1756
6817
1416
5093
9926
3287
8285
5705
2342
3409
6905
1214
7943
3256
7224
5605
2183
955
1452
4281
2396
8874
6411
6838
9971
161
7472
6946
2092
628
5692
9532
9717
9559
9978
494
9538
9282
1957
1270
2472
706
1242
9799
4460
6639
987
927
6174
1949
6007
3142
1426
2510
7363
1668
6962
5415
2591
848
522
6396
9503
3939
6924
932
5770
6321
1317
92
7911
5689
9341
2204
3480
8644
3775
2885
2027
3834
3427
8559
377
99
5291
3548
2891
9361
701
469
8494
3977
2600
3484
6588
3481
3721
4678
4824
7623
3467
6662
9177
2958
2018
7396
897
4097
2698
799
6637
24
7192
8592
1816
6234
173
9547
8233
9640
3980
6843
7797
8704
1596
9150
9391
2564
7
7460
9712
2740
4453
2910
7627
3538
3445
9421
3493
2762
3432
64
5458
8748
5769
2457
3288
4844
4319
9569
6876
1931
167
4993
1093
1207
1824
1883
6686
4852
1280
8981
9068
8739
9155
7613
3335
9557
2335
5702
9711
1795
3100
1881
7677
1884
8455
8695
4351
2963
691
7825
6337
5187
9119
6490
6495
2297
8966
101
227
6240
5881
4717
5251
6883
8528
1996
364
6332
8716
8015
2037
7997
7302
632
7026
3064
7562
8572
777
8747
4706
5742
3403
1622
3397
4595
7330
7502
1235
6796
662
6287
6700
159
4758
8617
4920
8205
9985
5882
5463
7128
7032
7562
8119
7285
8127
6468
6664
2190
7853
4889
2235
3880
6019
4345
2251
7999
9313
1190
2287
2907
4116
5472
6147
5157
720
2316
913
1167
890
3939
9293
5983
9343
7705
393
1382
2918
3661
3336
9564
3468
7772
2570
1335
9248
4369
9207
5702
5257
6082
3856
3373
2086
9267
417
8298
5673
8738
2698
1480
4311
4816
8913
4156
9151
1936
2795
1912
989
7243
6715
8168
2078
2694
1652
2472
7737
8897
9602
3275
3122
9595
6668
6760
2332
8598
2488
5154
1166
1752
6583
8020
6644
2317
4491
4745
3361
1377
298
1619
6581
7946
1722
4591
2235
2356
7353
5211
2774
5529
4763
5382
8957
4116
588
1614
2854
8138
9238
9813
5776
8382
115
2287
3422
231
8930
5622
8649
6133
3125
3121
1195
4751
7671
792
3839
3726
9858
8993
3749
9513
4882
6380
7794
9372
122
2918
8854
1587
1955
5573
2455
8430
4089
5279
162
1939
1592
8899
5205
6587
3170
3032
5206
5879
8148
5633
5736
3454
8312
1122
7094
4293
7657
8955
2463
2771
2748
3707
9103
6210
5561
574
9599
9231
5133
464
5599
8073
4197
7000
3320
8964
5225
9495
4076
5341
4729
8540
927
1123
3685
6841
4782
4390
2741
8117
4087
6871
8420
936
1418
2745
9751
9490
9016
8225
3327
7911
614
2900
645
6430
1972
6983
1454
9572
3676
2932
9486
2218
1253
2983
6203
887
8300
950
2598
1586
7211
3214
1981
5716
5623
5705
555
9009
6912
816
8223
4417
9381
9197
9716
2137
5387
7963
9408
7506
4943
2875
4846
1498
8211
8791
9164
118
7566
4234
974
8704
8742
9677
3703
7980
9074
9116
5528
8480
333
8968
3972
3914
8503
1561
6654
5103
9273
7727
3889
3590
1194
1799
3675
8935
3499
9012
6507
6759
5044
7932
230
6574
1343
8412
7387
6790
1516
9998
3659
7864
29
7682
7847
4241
5435
4264
7173
1910
2772
2630
2673
7060
895
8180
42
3765
2689
9491
7508
9004
5784
261
3899
639
3515
4978
320
5579
5819
8498
5327
2660
5629
7441
5591
4551
5823
4946
877
9378
9120
7775
2596
9264
9467
4218
649
164
4604
4171
4208
6692
5170
3636
8590
9281
9123
8475
6190
9423
4579
2359
7392
5289
2255
1342
9580
3931
1271
1680
326
9272
2225
2813
1182
7119
8591
4068
9485
129
1711
6822
672
6572
3649
1895
9639
9656
3131
2186
203
3
6835
5614
824
5733
2125
871
4816
9817
674
8434
1115
9837
6857
4836
9099
5951
422
5617
340
1578
3837
9919
5579
1538
3254
1890
7714
6112
4870
986
8145
4604
5457
7605
9107
9094
8968
3237
6918
6890
6086
2250
5456
5664
4828
3836
5193
9863
461
6649
2156
2144
2240
8171
4047
1569
7071
1268
4205
5351
9362
708
9165
252
6420
2104
7714
2548
6793
9177
4405
4403
747
9476
4963
3548
9788
1995
7342
1665
1809
9124
4616
9346
7386
2378
9028
8674
3431
8716
2783
2569
5635
7092
5588
8969
8892
6247
9198
9234
9058
3024
2267
2399
1726
9832
6174
2625
9500
425
7978
9104
8766
5649
7795
7008
7847
9274
3208
3378
2891
9031
5743
3534
8352
709
2015
5744
1751
8089
8317
308
2609
3743
4450
7762
9583
8024
6838
7729
6749
8806
8658
7125
7997
4940
9748
1390
3280
8567
5619
9784
9671
3975
4888
3108
2368
2626
7888
5056
5464
6595
1769
7285
3273
3298
380
1512
8917
1273
4757
7100
9956
8720
7713
6703
6025
768
591
4553
7258
8883
8436
7329
2240
7633
3903
5794
6426
65
5510
9245
9563
5897
6554
1985
4317
8596
4908
1294
4828
884
8929
6998
9431
8763
4587
6485
3364
6860
7716
1278
4734
626
6774
5577
1891
7099
9541
3277
4562
2327
9956
817
5680
8800
6224
6339
4608
3845
4378
8667
3295
1526
1738
9899
8155
7917
344
1567
8893
3895
8457
4330
4694
222
5254
2990
6458
5611
3730
424
1232
1139
237
4209
1396
971
9779
8196
9309
5214
5329
6349
865
9700
9465
1692
4010
7785
2282
8986
8186
9122
2784
7239
5610
6814
5489
7570
6800
3229
350
5858
5793
7700
2195
5769
9488
2500
595
8337
7264
3842
4447
1028
4242
3732
5505
560
2857
1534
1760
8942
6788
3432
6510
6987
7044
2594
4080
3874
5885
4473
4144
370
951
5365
7556
2551
375
9060
5139
3716
2814
6144
4236
5317
7207
2849
4112
245
2780
7953
3434
2368
8611
2753
5031
8053
3523
4629
6536
9664
8033
9890
4281
8313
7545
4016
9540
6719
6015
5060
9960
1328
2046
8027
2254
1491
4297
4308
1592
5052
6028
9536
6134
3218
7658
6770
196
4913
231
2431
4193
2476
47
831
3773
3634
2147
4334
6008
8168
8647
451
7409
1740
7638
2242
8674
637
7522
5228
3099
8050
9454
520
5444
4580
528
7346
6055
2714
6579
6074
4466
7646
8255
1628
185
8694
4164
2946
4093
3512
638
2084
4575
2865
6749
9439
2225
3491
5541
6488
3140
4244
500
2509
8535
4050
8314
4723
239
9229
3806
2228
2562
1764
1107
7654
2840
7498
9283
6175
8901
200
292
2662
8167
6310
6764
9877
8809
675
5398
4352
5193
2937
997
6324
6600
1519
8401
1319
5857
4784
402
4754
790
6149
2569
1459
6121
2522
8067
2722
8042
6239
2561
1080
3247
8929
4471
9477
7842
4827
3430
8646
1613
6538
2987
28
8066
8112
4751
9056
1813
8250
5618
1402
9802
886
3899
2182
8762
2447
7892
2361
4317
8853
4234
2180
5983
9864
10
5880
3783
9742
7381
5107
6526
2406
4889
4527
1108
9378
304
6072
4311
6539
5629
5957
9104
4876
1105
8406
7189
478
7598
4857
2401
2236
2383
8779
6157
3921
2371
1504
8570
6344
9079
6839
7023
5726
6565
2970
7065
3700
5174
2812
1580
975
8439
8467
2334
5387
8921
5857
6161
3874
2364
5260
5762
2918
8501
1523
990
7218
3914
340
9322
6982
1407
4318
3940
7381
5191
4505
2540
6900
1156
4551
5198
9956
5168
4980
8290
2048
3498
5951
6925
2605
7098
5181
4631
9753
3272
8455
1859
9367
1655
9064
4648
5912
2393
6715
2928
134
5391
4460
4205
7176
169
529
1775
3581
5997
3268
7211
1250
4591
1368
4501
1451
4380
5091
9626
9189
1159
8109
5713
9785
7939
7453
9064
2107
3776
1296
4516
5822
5948
3156
2525
3391
6031
9934
8732
1837
9028
4673
643
2001
5923
7266
1950
4117
4370
7091
758
3572
5996
4651
4284
5856
9446
1168
5646
9408
6572
3267
4434
6899
6704
8490
3123
8247
49
2886
2862
5800
1049
1708
9670
6670
7845
4534
6258
893
5200
5797
3383
4311
3576
2823
9386
3839
5865
174
6228
8629
2202
5364
2102
1569
5310
1811
3752
8565
2819
871
5793
2481
228
4462
7309
4712
9569
7815
9032
8498
4689
8741
7586
4941
2603
2457
7412
6443
5233
3815
4262
8911
1485
8677
2805
2668
2469
2919
40
631
1370
1049
2797
1324
7219
359
9134
9227
8946
8206
6883
3277
6313
750
9025
614
5497
3064
4763
4058
8901
295
4263
6521
9924
2733
4531
2535
6747
5735
7194
459
5568
7254
8974
3693
7914
7811
3133
4377
341
2552
7148
3427
8688
2977
5421
8167
2688
3893
4518
9522
8274
8742
5492
4088
4297
1555
338
692
5488
2239
6808
3337
6992
7617
8752
352
7623
2287
1288
2852
9529
2978
7399
857
690
5827
4746
3829
2341
6454
554
813
4038
4602
1831
9254
6561
1139
562
1286
3306
3569
6504
8288
6629
6865
7026
3636
1226
8191
1827
3845
7362
6428
5746
4108
4840
1943
1575
3902
8627
2036
7533
9938
4156
1927
1048
1657
7482
9880
7081
8057
9637
1437
7741
9333
9159
3866
9529
3037
8283
9043
1690
6071
7489
765
9330
7482
1767
7325
128
8971
9177
3736
6139
1597
3597
4804
7625
3032
4860
1226
1148
5458
1160
8074
3287
3382
6533
9911
4312
1987
6869
7322
1563
8027
4327
6295
9644
3807
7606
2236
8551
8185
4419
7416
2139
6826
3577
557
6739
1460
7781
1422
4085
2092
9155
8878
3569
1741
6733
6905
7041
9828
5620
344
7373
401
2840
2217
6798
1246
5546
1641
6494
7785
7027
4446
8134
4048
3681
4321
3020
8271
8750
1265
9898
2360
7891
9773
5736
6802
2279
821
1566
8240
9022
8012
2892
270
6295
8518
1036
4313
1563
7097
1013
2540
6981
6097
3423
5680
7470
4958
9792
3645
1579
687
5460
358
7908
4837
660
8837
7908
3656
7673
8268
7172
2927
7518
3857
9694
9842
5215
6751
3714
4020
1947
2227
8927
508
7806
3509
7566
2891
1056
7631
5320
5173
6312
7774
9742
1615
6311
8791
293
9574
2121
2789
7896
5882
1629
762
5663
4863
5566
5189
9547
9256
7392
2458
1554
4507
2235
8277
5996
966
8338
8146
15
7556
773
4689
5430
7687
5226
4568
6617
2594
1394
4736
2271
8982
2783
1918
481
4138
2980
9938
8915
6878
5395
6992
3638
804
939
7691
5435
6805
1232
2744
7525
8555
8351
2169
6763
1072
7873
6828
7148
8491
5001
6466
9376
1243
2558
9052
9346
3219
2192
1554
7430
7273
7182
8569
5222
7704
4099
4022
4603
7120
5376
1126
7593
4234
8469
770
8324
9683
350
7816
3530
5270
3882
415
3260
9038
3573
5196
2857
1216
6726
4577
3997
3139
7763
8200
8332
9735
8598
5736
8513
8009
9856
8742
8204
1998
9636
8165
8759
5376
6593
8962
376
1979
6344
1756
7299
33
7604
457
2147
5246
7274
5923
7112
681
6436
3179
6542
3808
3731
9012
5353
1949
9740
7060
8212
6605
2635
9032
6720
2284
7675
2783
5197
4870
3184
2112
5661
6124
8067
8772
8352
8142
7060
2793
4086
7808
2121
9083
5288
7433
9536
2984
8059
4448
6157
9886
5020
5572
317
3504
3501
2516
3624
3591
9940
4889
432
187
9156
3304
3532
8817
6311
6297
2580
6136
3727
9228
5064
1695
112
654
7671
1970
4484
9440
4434
9354
1554
2734
2854
8901
9153
7801
6663
5821
2472
8831
3209
8052
9104
3047
9135
1923
7512
8616
7046
8431
1132
6543
4104
3068
5410
2996
4472
5943
9852
6126
3648
794
3350
531
2210
4011
5920
4887
76
733
2934
1734
3383
6229
2997
9459
3523
1299
5002
4577
489
8330
6770
9621
1763
4668
1716
4884
730
5850
9549
1573
8283
7579
1066
8656
3613
6699
4080
2156
35
1277
9715
6440
1769
1729
6924
3655
6175
1590
1462
817
3826
1311
8564
6233
3932
162
8639
175
8031
3354
1797
96
6401
9904
1584
8040
148
2887
3610
7134
6828
7694
8126
2137
2466
4982
1101
782
580
8345
1615
2805
5159
8240
1631
2974
6292
3983
2401
4698
7372
8360
2167
2194
3245
4874
6542
2756
8783
9414
8931
322
8030
2150
5380
2184
6098
4516
739
7101
1461
4822
8471
4344
8583
1864
7562
6024
9947
5349
5694
9731
3673
1973
976
1021
6299
1071
8191
9457
8084
2232
2226
7253
1698
8790
7651
8720
8715
2449
6444
6809
1916
6994
2755
7220
3225
2694
223
726
3930
9824
8614
162
2736
9472
8864
9207
6663
5076
742
4671
5664
5702
5676
9553
1140
7048
953
5580
2051
7282
933
5958
1643
163
6428
7926
5113
2840
9850
872
8560
759
1211
6907
8114
678
3078
4974
3189
6564
3502
8066
749
5338
8831
938
7391
8155
4320
4384
9258
7126
4155
6597
4419
5806
1861
3483
5658
347
6341
3892
4045
1043
4529
9614
5971
3343
743
4787
6483
8655
9216
818
3522
7530
6783
3554
792
3769
1646
8352
5750
9793
441
7980
830
5583
6984
4302
4217
5391
6299
160
5930
1466
370
3891
1375
6174
1859
7793
6622
1773
6275
9450
3949
2606
9624
7858
1280
1469
1471
4512
6189
3960
1420
6182
7041
43
8768
6613
9987
1086
3873
2152
7636
3354
9363
5041
5968
7679
3879
4888
922
3068
7028
641
8784
1071
4463
9754
1500
302
3491
4818
5917
9942
6631
9034
9286
7787
4256
3866
9999
2244
5152
85
5145
1620
3759
8859
3137
5372
8443
7790
2278
980
964
1
9979
8110
4167
5367
256
4469
5057
837
3150
4890
1914
1069
2732
5570
2068
4113
7309
7207
5773
4089
315
6378
5271
3281
3883
9334
4234
