657
304
602
293
105
540
862
876
649
3
240
618
501
100
930
686
646
517
160
269
488
774
512
426
823
443
745
796
616
168
384
581
966
963
834
841
784
344
868
381
453
912
7
879
78
97
771
529
541
118
207
409
152
446
328
374
480
966
581
524
233
474
193
434
336
378
297
447
198
189
632
412
936
436
193
188
358
728
762
582
108
309
913
505
999
331
112
519
47
487
909
111
130
913
918
197
791
873
106
566
109
70
511
657
247
671
405
419
63
314
700
750
659
281
297
522
680
641
798
934
389
769
713
615
102
361
596
456
87
32
450
712
775
530
549
901
980
331
639
773
68
812
272
533
891
13
993
633
851
941
204
806
69
903
336
125
748
105
190
757
826
762
435
328
98
933
303
688
826
545
707
527
768
179
824
218
881
78
943
999
606
714
179
361
94
337
786
478
674
461
68
349
76
550
655
543
744
983
724
771
132
527
611
644
798
747
960
984
215
980
453
954
525
736
734
365
176
716
446
476
368
11
489
975
31
814
419
428
86
363
387
486
177
311
730
178
761
428
414
758
960
116
630
419
416
24
440
83
867
990
138
685
76
146
616
170
411
926
966
642
508
689
677
481
475
801
940
225
291
101
83
982
273
436
986
185
389
293
795
116
334
321
553
793
328
365
91
51
220
268
348
552
203
416
56
338
284
25
681
91
683
921
398
437
700
428
823
377
692
662
301
742
381
462
518
964
524
813
993
944
406
686
638
29
738
411
415
478
789
571
867
922
844
693
394
944
947
980
150
737
41
204
860
258
937
995
221
413
569
891
875
976
863
3
985
662
405
384
564
852
160
112
578
967
361
56
308
593
43
528
453
516
52
865
760
216
974
231
403
769
498
524
409
328
462
747
978
921
232
43
716
560
554
364
971
724
69
941
606
822
789
299
229
84
247
306
689
496
341
782
512
86
802
731
531
915
226
791
171
103
621
354
37
384
359
414
656
314
500
935
207
910
951
394
63
819
834
367
566
736
390
256
777
550
879
887
690
81
645
822
47
961
816
860
673
946
959
267
815
877
736
102
16
874
171
557
28
674
679
851
949
168
114
774
350
979
326
193
161
94
684
88
653
510
492
967
286
184
967
358
306
288
947
315
767
139
617
418
593
329
970
903
972
386
53
930
883
359
147
214
104
838
297
319
258
792
113
58
458
202
869
37
131
646
184
782
368
818
989
2
391
353
935
966
381
329
749
495
957
913
737
266
19
926
267
673
768
850
532
328
464
464
357
585
23
252
115
573
803
333
235
570
114
365
697
923
348
670
747
104
835
136
498
9
180
294
639
698
672
333
431
99
37
332
602
719
509
480
225
784
255
402
173
170
140
214
843
505
421
371
71
13
724
990
897
589
332
204
139
880
997
933
166
619
564
740
859
950
834
705
382
640
694
922
941
794
761
610
165
907
8
456
43
701
355
563
980
932
451
900
463
750
360
970
660
546
606
389
627
465
855
196
291
10
970
34
525
963
524
103
192
824
71
673
235
892
542
18
193
505
477
409
713
848
31
342
496
388
556
486
882
577
90
449
995
405
971
158
357
49
607
866
541
114
650
820
560
584
524
855
517
883
360
340
954
536
196
492
899
366
83
959
858
678
430
968
269
274
587
514
980
730
749
90
954
399
869
594
707
992
717
558
701
810
833
351
438
71
359
869
440
928
92
643
175
240
16
340
578
919
478
277
396
778
446
258
56
32
102
189
680
4
247
505
494
241
709
268
448
266
788
104
222
660
809
254
897
841
954
303
991
520
109
48
636
515
388
882
256
143
69
644
368
757
604
619
245
823
417
106
816
508
367
486
872
352
552
442
307
995
610
297
173
721
282
503
223
771
368
967
500
169
782
869
371
175
596
593
224
273
613
497
523
15
403
603
585
627
637
680
47
131
643
394
340
75
784
26
759
413
704
238
827
415
955
865
593
36
264
468
362
626
281
111
273
211
127
626
150
613
538
760
793
884
823
33
803
841
590
143
302
844
402
885
850
374
628
246
962
101
192
593
565
709
689
143
209
866
266
682
251
794
359
359
82
780
255
818
419
384
694
235
311
823
939
192
783
172
774
747
295
612
966
346
209
417
7
397
335
465
829
207
861
43
422
238
408
406
634
300
587
277
805
962
612
146
762
998
377
476
603
69
464
411
324
386
810
584
305
932
708
877
121
828
175
450
7
913
278
798
800
382
883
478
960
787
292
631
108
683
946
954
111
955
982
186
7
309
546
705
48
475
561
411
109
862
227
945
74
141
