1699
3114
3929
3995
7892
5660
9312
7583
1857
2265
8533
7466
9251
7414
516
2304
6188
9820
5290
3436
1627
5148
7410
1606
261
7071
1360
8341
9742
6987
4704
6140
8664
5634
7701
8081
7397
8984
528
9598
3458
5558
7744
4649
1114
5105
6341
6462
6151
5791
308
3094
2125
8754
3246
8832
1852
5946
339
4758
6950
743
8229
9782
601
1193
8169
6212
5943
4437
3541
8817
1077
1071
3801
4213
4576
7819
4223
4631
2691
2286
4964
2693
1266
6204
6810
2266
4385
7443
1743
4417
2285
215
4130
3936
2037
457
9225
6653
6534
1119
4558
7606
1849
1564
2845
1101
7242
9166
4927
470
301
6816
2007
9133
6622
3662
9770
5338
9495
1411
600
8149
1106
4230
4631
4996
9746
1712
374
3301
684
5053
9205
3104
4368
4851
5200
9162
8983
3528
6852
2026
4857
5874
9868
60
3404
7043
2147
9794
5974
8677
7557
9371
9956
5559
5980
2526
3214
9096
540
2723
1295
2965
5958
4561
2440
9846
906
9883
2142
3403
2201
5703
790
2825
2208
9134
9659
7354
9762
2458
7079
3418
9465
5374
6962
7520
1611
538
153
3463
7689
9722
6482
5558
7591
471
7598
7493
7246
533
2761
7654
3763
6687
7788
1662
8399
9601
3735
2764
7866
1656
7491
9216
888
2802
4333
610
8159
7322
6935
4023
3781
3161
9743
1224
597
1720
460
3675
1571
3411
3497
7296
1217
819
3159
1735
5225
4540
2135
5873
4221
8118
2815
3177
3432
6262
5753
8366
4450
1975
6929
9255
1195
8931
5266
3129
2406
9009
7071
7339
9868
4462
7551
4406
9201
582
6976
9825
9067
9556
4414
48
5783
3860
5732
9642
3842
1678
2661
813
3220
931
798
414
8798
5079
4898
590
907
9981
5754
3377
6992
208
3465
2188
2258
5924
5066
3511
872
9887
3049
6443
5205
1004
5510
833
3846
5689
4744
5817
4312
4065
7828
7031
8053
8232
1949
6489
7715
5403
2869
8359
924
1014
1643
5891
4912
3450
5582
8391
8618
1045
7571
9914
3105
9953
6526
6228
3835
2025
6618
7997
333
1225
2321
9935
1555
9895
8196
3740
225
3071
960
2033
183
9506
9778
1370
8976
6002
7380
5953
3232
6215
2301
3149
8511
9566
8202
9783
7996
9890
5268
1920
6891
6290
6399
5828
7365
52
7834
1933
864
1165
6109
7141
1673
6649
8672
6391
6721
642
1844
5639
9879
4789
4554
2975
2783
4468
5630
229
3197
9196
1550
6810
2795
947
711
2373
4857
6227
8281
2872
7925
4896
1821
7120
7789
4159
9461
6505
1819
2284
3525
9039
465
3209
5775
9843
1321
7056
9692
240
2552
6618
4264
9712
9601
8502
2011
5765
7618
4310
8799
3759
7668
9460
45
56
8467
4137
9047
531
5848
4465
324
5555
4453
1980
6517
7586
3878
7888
6200
5497
801
8745
4715
4489
8832
2404
5603
7186
9245
2697
3508
5472
949
1155
4116
4944
9389
5115
9342
1569
9593
1017
6448
5904
2065
5644
1741
3234
3335
6390
6114
2543
2241
3713
2125
4887
4766
8823
7286
3254
8566
5288
7981
4875
2575
7138
9702
2632
5365
6484
9675
710
1527
9946
9279
542
8879
9871
1580
3301
6141
853
2488
6409
8416
5866
2974
9751
5471
9029
8108
3315
583
7401
5010
1923
6427
9058
315
652
8588
8398
5695
4975
6412
2144
7044
4005
9188
7097
3038
2145
695
7222
2659
9852
537
4675
7090
1336
778
1153
3191
145
6898
1648
6100
4779
5015
46
7643
7560
2115
2892
5534
3668
2256
3434
2482
1670
4141
8535
9594
3343
9939
1291
261
5554
1166
7512
5254
4290
4289
3309
4199
191
6516
3161
705
2199
1154
5328
8260
6753
6623
7699
3696
3965
3225
2960
4450
984
6166
8873
7946
9834
4489
4644
9580
4590
8515
5661
7248
1248
7287
8858
5338
2306
8142
4739
569
541
9301
245
5645
3643
6633
7757
2215
9463
8402
9846
4277
7672
3008
8354
9597
7484
9174
2365
3250
2216
3791
8886
5851
5299
7215
3410
9075
4221
8232
8004
5397
2453
2229
1160
8386
8284
9823
2344
7930
4739
786
8472
6871
7933
2779
7335
5490
7747
3709
4142
2351
7408
7598
8590
2522
7845
226
7334
2301
8561
7511
4827
580
7958
2293
402
8394
8341
2311
2664
1537
6025
2425
4198
5748
8675
9534
698
8178
9755
9365
4603
9047
5425
1485
4370
5025
870
7965
2467
7141
5082
5096
8931
2717
3612
6869
7423
4588
8118
1668
9517
1781
7974
2888
4676
2138
3662
362
8622
2019
9155
9231
7238
9880
7886
9831
537
7877
1049
5316
3891
704
6057
9042
8231
7020
5067
9894
178
5295
6705
3062
9743
6203
7452
4741
5056
403
4104
2025
68
69
3656
2963
3864
6763
8700
2234
2189
2497
1661
9846
5659
9055
9446
1482
6705
8764
6421
1935
4225
5897
5301
8402
2940
7158
2656
4481
5204
2447
7230
8948
4264
3520
8396
4880
2942
9519
4782
1328
2540
3086
4449
3218
9872
7290
9580
4598
2413
7325
5707
7951
7533
5286
177
50
9817
6907
1250
8696
556
912
2049
5722
226
8625
838
5316
2876
4848
2888
7504
1892
1938
1512
7602
170
7269
684
8859
4455
8095
1082
592
9869
2364
9262
8846
5543
8927
6109
7284
2676
337
4728
497
8486
7440
4105
7262
1143
330
6695
2776
2846
792
6510
9735
9267
5886
2087
8411
4086
8884
2728
5479
7782
7270
3988
2441
8137
5581
7932
7394
9542
1998
5429
8150
8740
7073
6852
4335
995
3975
3078
5013
2848
6929
2610
110
4519
538
1731
4658
5921
4566
93
2002
1372
2068
7084
828
1961
5541
7719
5454
2461
8670
5308
7395
2431
3410
1607
5349
5940
4992
1096
2103
1653
8917
3410
8091
8574
4229
410
2572
7377
9674
7659
2525
7133
9887
3751
376
9755
8352
8050
1092
2579
4255
4275
5754
5431
4169
2163
6221
4957
6969
2578
7623
773
4138
267
2242
5553
8322
7606
4331
6648
6776
607
9428
2379
7488
4799
2717
9764
1257
2142
720
9858
1018
3340
9840
6844
2607
9529
5371
6679
5523
8148
2637
2430
2916
1196
5069
1295
2279
2272
3201
1196
1313
1141
3132
2961
794
3046
1020
1754
9499
7763
7655
836
5082
8739
7129
9318
1816
8155
2271
6696
5032
9636
1148
2586
198
8112
342
8027
8267
7184
9156
415
8542
6986
9139
6906
7066
4762
8531
6638
6671
155
8648
1316
9824
9432
940
9044
1415
3233
6292
4206
7888
4311
5440
4817
601
7343
5849
6417
4832
6139
6617
6452
5032
9442
6312
5889
6367
2638
5473
8347
702
8608
1835
1877
2615
1701
5501
7078
51
9860
3623
3653
2133
7598
7639
576
7246
2191
2910
6215
7799
9025
127
5670
8778
3811
884
2209
2070
9729
1644
4238
3285
3486
6284
9618
3462
3259
4978
5801
5427
5516
8371
7139
3538
9554
9729
9437
6177
6054
4917
3145
9274
2643
6638
1692
3130
5786
1188
167
6791
6644
4315
2203
3247
2220
5929
9826
5973
776
5844
9612
5769
8982
1124
8749
506
9423
9486
1038
4048
3123
502
5166
1331
7759
3350
450
876
4048
7408
4623
528
7117
1535
3082
713
6256
2310
8598
7202
1644
5228
1625
8328
8755
4452
1357
5648
8665
6191
8109
4787
7765
686
1551
8381
3969
10
8598
6027
4377
2239
6672
5711
4241
3060
4543
3177
5152
4181
8444
1180
8913
8455
8171
876
991
4239
9124
8196
5109
5289
6542
558
9523
9564
1452
1744
7336
2378
4450
9619
3793
9840
6889
5590
7710
7119
5976
2133
6081
1942
6058
5450
4150
7295
143
3883
6298
1878
3112
6877
990
5825
9109
3204
7609
235
5580
7897
929
5156
667
1443
5316
6641
388
2631
1725
7786
4879
8731
989
733
2059
2770
1110
8337
4693
4378
4757
7369
2398
894
2697
6420
1113
3812
5563
326
2747
8036
6674
4287
1294
3723
657
6676
7917
8664
5183
7823
3692
8074
9889
2186
1258
9036
6358
3660
3348
5556
4500
9119
4662
4368
1900
7139
4060
2745
7360
5875
8407
8208
2037
8409
1349
2028
5822
9758
9958
5307
3418
7397
3678
1603
5497
4997
5310
8876
4545
1596
6866
3318
8257
8721
1698
257
1351
105
367
4882
4711
7511
2794
8228
9892
6416
9539
8268
2079
9997
5158
6294
7666
3345
7493
5608
3211
2528
6065
7749
9804
8279
4485
7627
7422
7379
9666
1807
9916
2471
7177
3849
1795
678
5882
7566
2961
8899
4113
4038
7912
3047
6412
8382
7589
7528
4186
3282
8424
1144
829
4141
3362
9478
879
3796
4222
3958
9268
1072
6368
1878
4889
4283
1314
5752
6348
2899
6088
8580
8130
9714
5019
1457
7442
2092
6946
2707
2387
4360
7377
9091
9238
8996
566
539
9641
4777
3308
4164
5203
5056
4021
9976
4405
1162
7992
6037
97
4024
186
2368
7431
4876
3906
9273
2771
1408
8622
6147
3159
9568
1269
6467
8124
4719
5700
4762
725
6537
8571
3638
2231
3436
7751
7909
1660
9781
1408
1043
8596
1892
3100
1761
6437
3949
6967
1716
1115
8694
8043
7828
35
2936
9932
8707
304
6727
5958
6402
7769
5825
7348
9365
5765
7453
5543
61
7777
9732
8241
1664
1211
2232
7939
8922
9848
1104
4508
8046
3140
4735
3600
2431
5625
2291
7954
3930
7850
9486
2388
7760
2226
8352
7710
4573
4642
8717
9731
875
8781
5580
7206
5130
9780
121
5226
1995
4914
5973
1965
5258
2295
2674
8781
8355
5373
9034
8446
5640
8022
7184
2436
8306
8538
6530
3441
8132
267
5713
2620
9022
5402
709
1816
9995
7700
5969
3059
2873
2906
6502
4626
2275
4852
3194
7534
7628
5320
9687
4516
3028
4866
7635
1391
3147
784
8630
2306
1396
3777
5724
6909
6669
2956
106
2406
9826
3328
6627
4965
7214
2614
9515
6902
8710
6744
7507
2920
2188
6785
3864
4628
8813
2322
2241
1951
9138
1026
2521
1674
9973
3179
5496
8117
8231
1662
7501
8562
7391
53
5176
6233
2224
8623
2846
3211
9
5014
2308
8544
6774
7080
1761
8167
8004
9624
547
9966
277
398
6559
6025
5955
6839
5372
7001
6293
3131
1170
2545
5034
1672
7612
1903
8607
3473
2248
9243
3637
9856
6337
1805
1467
1553
8382
2013
7393
4550
8141
2645
3768
6982
2093
4692
2214
9706
4928
9087
1584
8656
2067
1556
3221
4078
7158
4382
8283
1960
9818
8030
1762
9321
1038
6231
2601
3462
6167
4751
5031
72
3205
5285
2093
3582
6266
6660
9857
3603
3293
7339
7233
8592
3613
6474
8521
7795
6504
9772
8834
3986
2927
3300
7890
4315
7752
2858
8870
6068
3541
4340
2998
5127
5160
9205
6061
7815
9467
7857
1933
7551
8625
4776
4312
2438
6515
6077
7889
548
8651
2971
5140
3059
5467
3079
8277
9430
9789
4490
4108
5533
2312
9043
2335
6274
9731
828
5430
1560
6110
6742
1668
7644
9259
5435
6116
2437
8682
5180
4859
4570
3836
1132
6500
7706
9035
1066
5264
5537
1170
2190
4083
5947
5934
8216
2471
63
9473
9180
1423
9103
2294
516
6521
4728
679
7256
9636
1022
638
5682
2912
1497
6017
8069
5638
3616
8457
4689
7787
406
4111
2929
2171
8532
8236
2611
8377
709
2291
9508
2954
8705
6449
8280
3600
5688
3343
471
7696
2448
7601
8261
3774
7795
3804
47
1147
1704
1690
1692
6672
9499
4451
930
1258
5864
8015
2585
1945
4866
7445
7233
8683
1112
9888
7253
5570
5876
6661
1354
7993
1265
7178
9965
5224
5481
5831
1600
7636
9715
4837
488
8809
3873
3532
4239
4319
5677
9694
6960
3230
3631
4956
9960
8531
6899
7260
6515
3323
9174
861
5885
2870
6260
3330
8568
5095
9601
9688
6660
9592
421
4117
7863
1652
71
6287
1816
2356
8989
3464
1316
6696
6244
7733
5043
8644
3471
2903
929
5154
9619
9134
5161
9470
7841
3363
9025
4930
3226
421
2713
2220
422
4492
7429
7063
9453
9746
5752
4212
2387
4880
6978
862
2674
4463
8618
9671
6694
5278
2897
8947
6431
9930
3044
7360
3533
2908
4498
1239
8541
129
6135
1646
4285
3264
7823
2320
742
6640
2548
4618
1436
3876
6331
6339
4208
6268
5506
6853
2540
5925
3761
2798
2354
2724
8904
5155
6481
6461
982
5859
7839
4517
4526
1424
1009
1194
743
6653
2073
3215
3585
6924
3442
2200
9042
5912
9158
9367
1724
9023
5658
920
6609
7469
4215
8932
4685
7472
6212
567
6014
720
928
6038
2776
7928
9265
1009
9008
5180
4074
5500
1363
1633
3984
813
309
1857
5320
4922
232
8901
8331
2792
3228
2421
7822
7358
2501
6761
9876
5368
2267
5080
6858
7166
2116
3859
8750
4688
8747
5852
439
5078
6033
4357
9204
1616
3364
2948
4347
9750
5937
6375
5355
4314
8109
501
352
6050
8164
7759
6017
4134
8244
9783
572
5820
5437
8109
9234
823
3545
360
9785
4181
8888
962
8482
8548
9854
4482
7558
6676
2047
8356
3882
7226
2732
9678
1230
40
9487
5437
6466
7419
188
6463
2917
2348
1454
6635
3130
7730
8932
3139
9294
6841
7588
2082
6281
3426
2495
5556
6848
8089
7303
7296
3733
8282
4412
7838
1846
3566
6331
6016
7267
5457
4557
8127
9934
9626
6325
9842
7467
6087
613
9799
4631
4640
555
3373
6462
4961
6706
7654
287
4657
5881
9595
5867
8519
9276
3748
8989
4229
1474
2304
2568
8730
5353
5748
2329
4055
904
1955
4417
7558
4648
1763
6186
4875
1650
908
7867
3048
6673
3497
6695
5939
1208
9691
6571
406
7966
539
5177
167
9493
6790
1343
8788
6701
6135
4714
4895
2848
1339
3518
7653
7106
1905
1506
3207
1517
2854
4717
5888
6166
8853
3799
7096
6925
2586
3964
8957
1564
584
7521
8425
6202
3827
4730
3593
3579
6089
3771
8551
2703
9038
8118
1730
9725
4448
3833
6561
6297
3789
2053
1302
1510
4774
1050
9175
620
3799
5800
4647
3765
2058
6640
4737
1031
1408
1632
3370
3938
3002
2171
2241
444
6158
6513
8196
5117
3370
7485
1208
5836
8497
6340
5932
7078
3654
875
8236
2261
2232
7675
7810
4452
7852
1915
9997
3841
9642
8338
6501
68
9018
1236
6792
849
3969
8901
3171
2910
5194
9080
8823
8180
746
769
4740
3895
7586
4966
2445
2715
9923
932
3753
5751
5272
4222
5476
2950
1713
5937
5173
1054
3470
1080
1944
1949
5707
2985
1807
7479
3507
4798
4463
3755
6785
5859
1015
688
643
2017
3608
8413
7513
1960
6916
7558
9862
367
4757
9428
4708
7544
8903
4625
1846
94
4554
10
6660
976
2244
966
2131
8904
4196
3859
4219
4495
2404
460
771
9103
7622
4309
7312
4655
3351
9299
692
80
3659
7694
9446
9112
9677
2560
5053
9703
6392
3318
4957
8330
1731
7225
1177
8411
9322
7193
3982
8901
3778
5744
5040
3129
3686
5550
338
4291
8240
4470
3884
594
7868
977
7490
1244
2829
5091
425
7740
856
4463
3274
4677
1388
7142
7165
1182
5037
2576
3374
1863
3158
1904
3150
7376
1786
6820
1489
58
9034
5135
7540
8860
49
4620
3427
4337
6788
5205
8873
1804
3196
5365
866
3590
445
289
3481
7185
8934
6289
2331
4288
272
3827
1842
6790
8772
63
6679
3818
2674
8932
6969
5552
6962
7787
7331
2627
6786
8525
9025
3132
2100
6304
3060
7130
8234
548
3330
6039
1470
3897
7129
4297
7194
1897
8323
167
8878
9790
2017
3361
6683
5999
9464
36
605
1112
9747
2376
5195
7290
6389
3583
9854
2704
4337
950
5803
2606
8597
7172
2835
4371
6107
5090
2960
1590
4037
7683
3746
6209
1850
5590
4677
4618
5172
7190
7712
6544
9963
4030
8522
8200
3529
452
1482
9891
2646
3405
829
2698
2024
5192
8508
4182
9243
3263
6148
8831
7980
630
1934
3583
3108
3232
6449
7967
1834
5585
6227
4195
7753
8599
5828
4496
7823
7416
1309
37
2465
8234
1536
9498
7406
9796
9578
3494
3380
8406
6912
2749
5442
3750
2405
5256
8672
1015
9873
2369
3533
2086
9036
924
7295
5966
7650
6706
1699
1356
7293
5897
6293
810
7123
285
9707
4683
1513
34
1194
265
9950
751
1401
7708
1098
7956
2298
1561
366
4340
9729
5742
3521
1501
931
3769
6805
2270
1072
6381
5870
8619
2930
313
4164
2783
4252
2736
9969
4573
617
3638
4903
3626
4079
9872
5473
5259
3749
5809
7351
3761
4059
6295
2726
4430
3900
1533
5084
2993
787
7191
6486
4428
8294
971
4834
4457
8879
1488
5934
4430
3309
8149
9266
3664
4754
6320
7846
9686
9642
4260
4796
1886
2376
6286
7873
5629
247
64
3571
4166
4347
2876
6757
6510
4084
533
1517
3488
827
642
93
6021
1065
7382
7914
8927
78
5796
9962
3036
4298
4615
5062
7995
1001
7230
2278
7304
6509
298
5642
1492
8652
7510
4097
788
1412
4472
3733
974
8324
6925
5027
756
25
3787
533
7931
9685
5728
1334
5317
8433
2609
34
2187
501
1740
8224
6183
3580
3196
5793
9368
1739
9073
8610
9491
2624
7315
9240
9675
1267
5879
3831
8765
3991
5038
1830
1819
8839
7834
9308
1855
1783
3786
1326
2994
8892
9222
9841
9604
7476
2176
2447
1618
9726
2792
7245
8144
1770
1272
7553
1336
6112
5698
835
2359
9765
7773
8557
5143
6801
5151
7196
8045
759
1825
1808
3224
234
5901
6878
6907
3997
6792
175
715
534
54
4431
6748
2980
9523
3238
8741
6090
226
1364
9278
3091
6098
1887
4482
4813
8138
4133
4412
3905
1526
7332
2348
3866
2476
2126
8622
5726
6923
607
3327
9595
1810
8946
9955
6090
1351
5123
8649
1383
2273
2562
3329
7335
1562
3240
8640
769
7364
3331
2266
5127
8820
4517
4201
7932
553
6429
5855
2653
6912
3628
489
3320
4504
4071
9137
3093
229
5238
4649
2118
9762
8831
971
2371
6215
8033
8933
8632
4622
696
7312
8386
2127
5805
6619
5656
2907
6967
968
5476
7572
9477
7560
1089
3197
6513
8514
683
6080
829
5427
6413
9778
8240
7106
804
5807
153
707
2194
7302
4681
719
4741
8773
424
7131
1539
2710
5661
6823
8831
8757
9449
2743
4623
8921
9879
8747
2337
4034
878
8644
6803
1703
499
7867
7534
6746
6528
7413
3833
1806
7495
6561
2676
7237
8474
4557
4976
501
3744
252
8792
7625
9505
9533
3737
6166
4008
2365
3923
5995
9078
9934
6766
9280
9737
2247
2474
7511
7352
6324
1471
707
1377
3470
2605
7892
8131
5962
7729
7668
6332
2262
5269
4387
4834
5720
6835
3682
808
2266
6216
4963
1586
5171
370
2518
5158
4139
1789
1978
4778
9419
1453
484
1789
4087
8949
4214
6597
8945
1213
5125
8372
7214
7768
7129
4076
7167
6062
7619
8691
92
2397
274
2508
8698
9077
8997
9689
2766
5042
9247
2846
1218
4899
2183
9361
868
3887
180
9745
175
2729
6129
8979
8639
5550
532
7382
7842
6838
4943
7903
6211
6342
9422
4634
8158
6820
711
1496
35
2754
9358
8875
8590
3289
5038
8705
7154
3788
133
7458
1547
9029
7532
5075
5818
5346
9544
9733
7793
378
884
3103
4699
2536
8098
8815
9911
6340
6204
709
9410
4135
9798
7928
5753
6598
3378
180
8344
2035
7150
4979
3457
4785
3547
3252
6998
7771
4646
1194
1173
543
3973
7616
6210
5401
7582
4583
7206
9354
5933
2790
6909
1662
9958
1941
6677
9922
3726
8262
7110
4976
1195
9171
233
9144
1524
3431
3175
6017
4597
9848
4525
7544
3527
4189
467
5117
3001
1635
220
7330
1034
247
4574
7887
7320
7015
9709
507
2625
2991
9323
969
7051
3352
3561
4630
5333
6634
3965
1978
114
1195
5212
3674
2545
2651
4992
5473
4800
8156
7148
6314
8848
6568
1703
5094
2610
740
3598
9412
1499
5094
7018
7351
5065
2477
5720
2692
1246
923
7541
6505
7411
9163
3542
2547
2368
7084
574
4318
8486
4537
7125
5812
6607
8405
735
3875
427
2061
2280
557
9523
6201
7306
8757
30
2286
2917
6789
8799
1623
6561
2079
212
3884
272
4049
3246
4963
82
4688
2370
3452
6327
8331
3385
4824
5778
9592
1695
4422
5305
9493
831
7551
6265
367
6491
4801
7538
8491
2140
7845
8112
9847
5419
6869
9082
4637
9738
472
8100
5985
2116
5828
5434
8117
1200
1332
8781
5207
9783
3831
8344
2520
204
9499
4408
9845
1697
6963
545
3322
3686
5163
3036
5641
48
8306
3517
7954
4639
859
2704
742
7421
2313
2770
9554
4873
1667
1721
7446
2627
4189
4437
1999
565
9250
6946
7468
9908
4070
5378
8360
105
8745
6715
3297
5657
2149
1941
6849
7393
8302
212
2965
3075
1728
6434
2874
1039
3186
8874
1582
2194
1200
8082
519
7554
4961
8718
7861
5461
9445
379
1033
5025
9121
2160
2856
3223
1260
3357
9272
358
6599
9390
4333
1197
2140
3550
4790
3014
7036
4909
174
8084
4946
7733
7805
7414
1578
6648
7628
3103
8680
545
8122
1667
5703
3440
5127
4814
5483
9649
6250
9205
6484
334
2963
343
162
2739
4030
9821
2125
2552
4925
516
6360
5436
9750
8187
2501
5115
7636
7319
348
4778
1174
5141
5040
6188
8060
1874
6252
993
5560
1251
2339
4189
7111
3662
9181
7714
258
9246
1720
6340
1994
1997
5555
2127
9852
4396
2806
3813
7350
4891
268
2685
2288
462
1550
9552
7248
122
7713
4085
3435
3973
8230
4317
6495
8007
6888
8804
2202
4380
8854
3380
4225
4864
6673
6808
2952
6384
9493
1216
5125
3369
7168
7571
6428
5691
2769
1041
2088
3685
605
2701
7435
407
1144
7206
9933
983
1764
7775
3331
3127
2042
6018
677
3863
9135
7400
6283
1789
452
2165
1524
4895
2573
5538
9606
8093
8270
6784
7350
7261
9466
9610
1465
5790
4343
3671
8243
4549
2968
9761
3331
3377
2975
5805
280
3391
6587
7862
9964
6930
7590
71
9876
5815
8134
4268
2523
928
4049
6644
4708
5093
4400
2690
4969
4271
1589
1982
2335
7070
268
5443
1230
2647
3828
528
3828
9382
9
3896
6802
1629
2509
2026
9497
6208
3280
1273
3709
5327
7793
5971
1251
9285
9641
5037
5017
9970
9687
4254
8101
6030
5187
4632
1560
7569
4497
7978
5776
8192
8278
1108
4226
2620
5041
9563
1406
6773
4593
5560
4939
9605
1155
7791
9440
1766
8525
9979
3490
1555
4794
7476
7736
4080
5159
226
8979
5334
1346
280
6017
4319
9282
1757
7529
8346
4548
1227
9399
5107
361
8637
8265
9225
9530
1811
6890
949
4127
9642
9108
2740
8304
8871
4201
3983
7888
4503
9751
806
1657
9850
4336
580
6488
7777
2830
9885
1945
3495
4823
9290
5503
2575
9433
5066
8951
3048
3115
3720
9521
7616
2344
8664
2996
3635
4344
9418
1482
569
8793
2846
1993
7049
3206
3564
2872
557
8766
7444
4284
477
4894
2274
7693
2008
4238
533
9734
369
6279
5337
3093
3747
4453
1298
117
2244
1254
5486
6249
3474
5224
568
9894
274
679
383
2826
9548
2484
6685
8397
7557
8393
3342
1070
4805
2657
5729
4372
4667
5311
6266
8606
2198
7262
8564
2831
4288
544
7360
5976
6310
4811
6965
299
4401
3682
583
4084
629
2463
7749
1233
5085
4042
2273
1432
9319
7382
9655
893
4919
4589
2728
644
4954
5748
130
1860
9422
3795
2098
3227
6652
3930
722
7728
7853
2164
1373
7683
9669
3881
2420
3630
1768
7752
3629
5591
5858
1582
3401
4334
7123
2306
8320
3838
5359
9418
830
8295
5752
1283
3436
2641
7731
8728
6027
1328
4471
8413
4592
3005
6203
5956
5032
321
7176
6180
6275
8196
4545
1965
5356
9479
6997
7652
8111
6589
4393
3364
9153
6524
70
5858
221
3196
1785
4521
7104
1625
6983
9679
8199
5172
8806
6349
3893
907
8338
8475
3781
6655
3
7125
5990
1634
3216
3266
3076
7430
8318
1469
6002
7939
5536
2352
4400
2531
6895
1845
8207
8594
9083
2665
9116
2174
3711
4395
9454
1477
9253
7880
3441
4353
410
9202
2285
5556
4784
6718
6064
8525
6223
9519
2567
9951
2140
9478
4458
4908
154
6234
3914
1564
7661
8139
4979
1918
7906
7067
396
6409
5278
3745
2465
6072
2968
2611
7659
3477
4371
7934
8017
9107
5266
6938
1297
1690
3897
1090
7368
8710
4180
3048
9319
2834
3655
2449
4273
8155
7961
3197
7909
9096
4355
8804
4773
7360
6374
6033
3281
3563
440
4468
3385
5674
8429
4606
4246
169
483
8039
4636
4407
3218
4106
4487
9731
434
6555
5164
2850
9909
7878
1124
1990
7042
7805
1503
8070
4968
7965
6172
3436
4170
4684
5500
6694
3256
1489
7775
3122
9787
3931
6054
7379
3984
2492
7198
4890
3230
157
8471
6673
9311
6194
3525
1730
3909
9516
8023
4187
5378
417
5210
2683
246
1730
5020
9906
8559
2797
4160
6980
1239
1729
39
1163
4270
4716
973
2825
4139
6206
544
2251
4155
2331
3868
1341
872
8160
7092
1963
6328
746
2334
5263
40
4824
2773
1842
3406
56
6972
9661
1219
3848
231
5672
2498
7532
6508
2720
2288
2223
4271
7269
4419
4345
8229
7601
9106
2684
743
3461
7145
4512
7537
8981
9644
3911
2610
8578
9043
1963
4764
5456
3096
4569
4540
8737
6128
9210
4759
8848
5307
9135
3004
3509
855
3158
1299
3181
8800
7500
4596
5569
3205
2936
5720
9666
5338
5777
444
7665
6401
7458
7149
7475
2985
2822
6400
8181
9269
4598
6557
2811
4100
9306
3755
9607
397
9618
4598
5949
2685
9573
3102
7124
7960
7123
1548
6343
6114
1270
8489
3941
5945
8521
619
5907
525
4784
3039
9897
4215
6143
3221
9305
9656
5061
4096
2141
6101
1953
6352
229
8594
3509
8885
2234
9722
6695
3589
1020
4900
7956
4826
521
5237
2873
6386
2602
2275
4981
8364
3153
1326
2368
8791
9959
8848
7529
6595
2433
3335
1577
1272
12
7737
8831
2404
9547
4365
8363
797
8644
8648
677
2241
4955
5668
1846
7002
8028
7780
1523
6536
5964
6633
4181
4378
8136
5932
2882
8037
4647
8259
6029
4982
3914
5628
2252
2217
8199
3952
3948
2274
8655
7055
4774
487
9862
7200
7887
1723
8297
6884
2642
7658
3390
3180
7780
7985
8579
2291
991
3109
9127
7681
9861
9623
7753
7156
6078
6083
6194
4694
2657
9706
9592
8631
5882
6936
7045
3152
4665
2921
594
2634
5729
750
8712
6871
9244
5561
4803
2159
1702
4045
9222
7241
8581
873
7698
6509
9133
3863
5147
2883
898
6373
7954
7861
3403
5192
4424
8039
3127
281
4774
5886
8883
8169
5571
1227
5467
7386
9253
6637
9475
9087
6026
9548
114
3402
3815
3576
1684
7921
2039
2801
4439
8597
1463
8231
4540
7913
3265
2939
7005
7514
4275
1280
1365
8745
5025
2072
2221
8838
1738
4889
9186
8749
3147
1999
7348
6859
3418
3661
9939
243
5299
6914
148
5657
8394
9249
2224
5769
592
6447
5683
9100
5642
8043
3133
8210
4020
3639
8054
8860
2644
6013
9024
2673
6281
3221
1055
6113
6067
5381
4988
5740
4957
3481
8299
3762
7324
8790
2610
14
8285
6902
5628
197
8487
1280
9535
6785
4093
468
3248
2127
1411
2298
9978
7966
4201
2812
6906
8803
5678
8309
2587
9856
8646
8270
1572
1016
3787
2798
7581
5124
1608
3581
4786
332
1357
2109
540
7996
4780
6312
8129
867
6421
7575
3231
5474
683
9309
7809
4177
8590
2235
3710
5823
5664
9101
9385
4816
3480
632
1787
6229
8023
1375
4904
6328
3248
6898
2133
5239
5130
6694
301
6920
8394
2811
7444
2950
8685
1504
199
6165
5477
4893
6933
9434
5260
8993
9902
5136
6438
4454
7361
3279
3438
3836
5440
9376
8852
5766
9369
3899
5544
7673
1013
892
8804
5498
4048
8468
6174
5270
2429
3339
6437
6603
1522
1103
1201
4196
560
9486
1414
5909
1274
3434
5954
9532
2331
3517
5623
3136
7870
6243
3631
6059
1844
8145
4866
3754
6745
614
5581
5907
1221
9514
8234
8941
870
8703
4794
2085
7946
8623
1357
9840
794
5172
8161
9890
4771
6290
5707
1351
8071
2468
9230
1789
6589
9598
9621
8877
799
2614
4354
5388
4553
1983
9607
6839
7318
4943
5263
9450
3882
3565
3775
6857
2605
833
6638
7833
463
8024
8429
5169
6579
621
543
7162
746
9587
3834
7453
9169
5687
3623
7500
3133
5548
2436
2609
9516
7974
2481
4077
708
598
3149
3792
4152
5877
6752
5661
2564
6184
9633
6589
9442
482
6908
1605
9775
9081
9818
9964
4122
7016
123
1173
3159
9086
653
7919
2745
1738
5877
916
7052
8468
8671
1381
2961
7694
8112
9490
3361
8294
7562
8132
8587
4016
2659
7267
188
6560
6554
9965
1910
3793
6128
2955
1289
104
8966
1634
4244
5558
1904
3075
1372
4106
1164
2402
9997
5833
5931
1156
2591
1084
1063
1515
8567
3600
1664
6092
3250
4793
9124
7563
2317
506
8517
4706
1546
6305
7606
6066
8091
1499
2332
6928
8481
9850
44
7611
2497
6086
2676
4234
5262
3708
44
5463
5226
8935
8542
4088
7972
2974
9493
10000
3285
2089
6724
3770
4101
8779
3676
1893
3331
8522
9490
6676
1784
3229
3729
3117
7932
7327
6482
8304
6127
6713
3697
1944
7223
9615
992
6126
4234
9165
6412
6140
1812
1054
3063
2651
1235
6694
8884
3115
1833
8499
5383
3620
9243
470
9921
7127
5167
7011
7572
8944
7608
2196
2735
6820
387
4361
7652
8523
8759
815
1513
8272
8207
6404
1352
3602
4088
7633
1675
785
8901
1995
5292
5764
7418
6810
6979
1250
7127
8035
8124
5535
1802
853
2946
7292
4477
4092
9784
97
9768
5951
2100
8673
7920
7932
5991
622
1926
3396
6615
1212
5032
3370
2094
7248
2425
962
1750
4288
3165
31
920
92
7380
9395
3635
9136
6723
379
2521
9248
9966
2539
3538
2400
6340
3795
581
7203
3777
5881
5876
7125
8773
8137
1848
3396
4307
2804
9269
7119
2996
8356
1133
8762
3627
527
7301
4206
7091
652
7745
6948
5597
5160
2132
3794
7904
3027
9891
5925
5736
9208
6739
7214
4473
7361
7521
2788
1262
1919
5806
9377
1647
3966
8991
5479
8445
841
5683
1126
2336
706
9138
670
1742
7462
1672
4300
8838
354
2713
6930
9927
4620
1817
1707
2176
4506
7248
8019
2745
8645
3889
5044
152
6792
2858
6248
5739
831
1744
1980
7135
5364
2378
6353
6705
9937
6124
707
3570
1299
725
5151
1432
7610
3982
9286
2502
7417
7779
7014
5365
5508
3854
8392
6046
1496
696
4212
8119
6749
5636
2999
363
9472
9778
9057
6232
2000
2710
2949
8666
9031
625
8325
1021
1318
364
474
6168
4889
6506
8504
8399
9057
584
5959
8098
736
6207
1206
6220
5432
9008
8979
620
4653
5756
3102
5420
5510
2170
4416
1020
3933
371
295
4919
8744
8733
9599
2531
4009
8064
3186
3052
5800
7909
2799
5092
4300
9409
6696
4129
1294
3035
2263
5329
8060
3907
3996
9801
2900
176
25
8141
1625
7812
8355
5635
3536
7303
1742
2453
1371
5448
341
1508
9329
2845
1359
4086
2822
3724
5921
1726
4273
9225
3308
990
8603
1969
7745
8585
4693
5200
2389
2052
1453
1800
9789
2900
4350
75
139
2492
5613
7200
962
4854
7207
1900
4688
7910
1690
9113
219
294
6038
3852
6066
9519
320
5766
3801
3590
7593
4645
9609
6362
4829
9838
8117
58
7341
9217
3467
3239
907
2189
8623
1183
5759
9679
9719
497
1576
1598
9616
774
2678
3903
4273
7924
9230
442
2746
2817
1489
7458
4593
5267
1928
7851
3787
5511
7553
8566
5150
1941
6041
790
9186
7498
9780
5027
844
1511
5801
1838
4680
5720
2180
151
74
1101
3326
2045
5122
9128
6793
6876
4907
2182
9894
3542
7171
2030
7327
5690
8288
8876
1645
5466
9162
6318
1519
8408
8651
1112
7464
2281
568
1490
3973
5873
758
6067
1553
3098
3218
2307
4951
9512
3015
3883
5026
5588
1509
8384
9321
6063
9204
1855
333
5162
3587
9865
8969
7229
1676
155
8675
5984
3714
6219
6385
6796
5377
620
9004
4325
3067
9589
6868
2508
1345
5026
4168
1194
5872
3091
9595
4147
5992
7327
6044
2588
5309
7922
9236
5769
1000
1057
1232
978
7657
2082
1107
3580
6813
6530
6463
29
6565
2799
2480
3623
1552
8638
4446
947
7499
9115
7784
6777
8670
4771
5543
8517
3765
7677
9658
8178
1491
2198
283
9836
1480
3367
3682
7444
390
891
698
1992
3086
8946
5614
4748
9027
9575
2484
85
7190
7644
5983
7019
282
6159
2475
9266
684
6807
3418
4580
3051
4907
3660
1269
2916
8600
4528
7328
4480
5667
5708
5738
6652
9878
3145
9731
1626
8760
9226
9881
3062
9493
8388
6319
6673
2450
5123
5489
7884
205
6696
4526
9215
9188
8262
3640
3822
1166
8726
4242
5625
3428
6230
304
2720
7096
7010
9464
5638
6881
5844
9685
2568
3070
5475
603
4345
8241
177
5770
6672
364
8671
5216
2875
3231
5923
565
4336
2822
7030
2025
9564
6330
2807
7581
6521
7678
7945
4868
2335
7539
6990
8236
5349
8505
4004
1487
841
5363
2597
6734
212
404
2584
4174
6151
4559
7443
532
1030
7343
6968
5313
2643
1745
4040
5701
6152
1127
852
9419
8223
284
8337
6101
699
1867
4401
7988
1816
3101
5327
4691
6329
6087
5926
5859
7061
7870
6110
9685
3818
8877
6303
5680
3120
9061
5441
7277
9088
2599
1365
866
5360
2990
4372
4920
3904
6573
9712
5291
6846
899
4075
763
6853
4612
7194
4904
5474
1645
5676
2755
9248
4452
9226
99
2311
6154
9701
7308
1155
9770
9763
9730
9286
9005
9693
955
1245
1991
1797
9486
9651
3460
5658
1225
294
6629
681
8895
9342
6433
3797
943
4336
1968
4806
1227
2713
612
3552
2814
7541
2591
1083
5176
7894
6811
7683
4731
8736
5527
7451
2348
1799
9562
2052
9403
9543
6240
9828
3570
2688
6871
2561
5661
3362
4906
8041
1823
177
5867
8989
7218
4010
2993
5713
7322
4531
5891
6545
7881
60
6131
639
4562
7479
1126
1336
5354
4616
3895
7041
2242
3644
785
3210
6418
2264
8633
4505
2458
4909
4174
935
7175
5259
1020
9420
1885
1752
3674
3529
7971
4285
461
820
4597
3048
9704
1558
1681
8835
8158
6187
7919
6713
2010
6902
5028
5616
4744
1258
2146
7826
1389
4744
1174
3821
4702
1050
2319
4042
2518
7447
2372
1499
5426
391
1960
1096
3098
2741
3419
9911
6292
9463
8499
6973
3378
4701
2643
2825
3849
4241
5780
3546
814
7268
3618
1567
6798
5271
3401
2793
8601
3697
3431
821
2811
3364
6439
8894
2509
7149
7059
6379
4867
4600
5048
7424
2506
4148
5630
8309
2814
5001
8885
6121
4846
4873
3428
2965
2237
7607
5155
6266
7055
6887
2316
9858
2355
5328
7556
4890
8418
8084
7260
9684
7071
1234
7341
3159
5513
2391
7695
2420
6624
3084
3136
6577
3266
1058
5000
404
6935
573
9042
919
8411
5910
66
7051
2848
5737
2477
1500
1557
2252
6311
5386
3903
4730
5417
748
7327
834
6178
2978
7419
2396
6639
8401
9573
9978
1764
9795
5959
686
6745
7609
968
989
5227
6030
1112
3934
9287
9184
8610
9586
1030
3344
997
2758
3031
9729
7786
7229
2409
7264
2274
116
5335
5439
5041
1762
6425
2043
5774
5526
7853
2451
3508
1206
5415
3267
6744
4114
6975
9784
3301
7840
7392
8301
9191
1053
4921
5973
780
1234
6117
7878
5696
161
9216
6332
5656
3441
2734
1616
5902
5776
6841
9104
4716
966
6487
8619
9174
6767
5155
639
1244
8231
550
2773
1903
7361
6017
8063
7089
975
1718
6061
3711
203
2194
1637
578
6635
4183
6335
1663
6958
1569
9455
9088
2321
4518
6317
7137
5215
6074
1461
4357
558
5555
8612
310
6825
692
5057
786
2816
2651
756
9823
3040
9967
1259
8288
533
4659
7862
8117
8058
8108
6060
7376
4573
3844
3838
920
3121
1798
5019
8574
6197
8312
716
7026
4723
7809
2156
1722
175
4974
854
3588
8761
5783
7281
9023
5261
9352
456
7823
2257
3170
7426
2742
5418
7842
2762
4515
2412
4943
7139
9273
5436
8907
3077
1078
6842
4303
94
6499
4889
5797
8560
6686
3636
4719
3592
6151
4841
4190
9222
6159
1894
1625
1648
7476
6436
4144
7490
4662
1329
2098
9885
2056
429
6703
1283
9001
4695
5342
4728
1315
2571
4335
9901
5039
5523
7581
4646
7657
1475
4201
7402
2771
9339
5340
234
4592
4294
9084
1144
5352
1233
850
7795
9021
9873
9941
2478
9137
6923
4389
2857
8831
8030
2491
6432
8874
3364
1923
1205
2046
8797
2843
5118
7841
9469
5452
1052
1880
3603
5788
8585
5615
907
1541
3059
9057
7775
9923
4508
270
6315
2625
1805
1556
4841
6360
270
2325
1243
3390
8176
8429
902
1341
9271
2236
3839
7644
3924
1912
9943
6292
5279
3333
1161
8365
97
7250
6120
4128
7298
4747
2552
1393
7677
738
3294
6829
8007
4294
174
1827
7886
9482
8462
3150
8716
709
466
1446
2604
7069
3648
968
4253
5211
3398
7893
3901
8734
1272
8985
3900
6931
3310
6472
7638
7044
5384
218
693
3121
7447
5071
952
3577
9220
7750
7891
3355
136
5809
8912
5463
9109
1832
3342
2138
8875
1406
1049
1498
9287
2717
5362
1352
952
9191
7974
7524
8077
1292
809
2164
3149
7359
4008
3202
157
6420
8006
4187
7633
2624
7598
9534
1424
1164
3028
6706
5234
7738
2630
764
1701
7762
6475
5942
4280
7819
4353
6734
5133
1559
9984
4707
1567
6976
2298
5445
1248
1616
5552
5546
6150
6172
8279
3236
4785
4805
7297
932
572
7257
5827
2298
1838
137
9618
6205
1272
8537
3323
8790
4834
4607
8560
3964
2363
1985
7238
5685
7776
5365
8402
1278
4939
9233
5730
2053
2436
6100
8985
7023
6378
8098
3932
8113
8640
8766
6981
4523
8099
3125
858
5266
888
2542
9559
3299
7095
4328
5135
9145
7050
1408
7487
6749
8373
3397
440
9432
4148
9709
5672
4235
4533
4823
9397
668
4547
1016
1027
965
7076
1135
3523
4482
8667
4796
7486
5434
7988
9847
1907
615
1088
787
7717
7035
2649
5144
385
1792
2086
271
6227
3123
2633
1140
7664
1436
439
8976
7689
7062
4201
9742
7745
2341
6069
3488
9430
4670
7351
9679
938
3612
6581
9571
7285
2501
5647
4721
9623
9555
9953
2128
6053
6945
8223
4934
3460
4970
3452
8523
4245
8357
6285
8619
4419
6377
5701
520
2993
2515
3616
6452
4238
1398
3784
4814
2364
9775
893
2398
5980
6462
2155
8755
916
7670
4305
6832
3609
1652
3397
2296
8925
6452
3019
5845
6595
6113
9500
568
7154
4431
1629
9161
6737
6037
9589
2287
4454
2264
8897
5519
6232
774
1244
219
9279
8365
1722
1273
4065
6335
8740
3138
5059
2166
4158
2326
8340
5858
5762
6667
1478
2953
2673
9796
9103
3654
9769
3064
3070
8707
4446
4453
6890
4669
3024
6232
9476
3931
9407
9801
9372
4838
1088
6230
3808
2808
1083
7205
6163
1457
4463
9208
1110
453
1483
2827
5141
8554
7575
9667
683
6825
3252
8838
8507
4364
9049
6002
6324
387
1168
8537
2468
6339
8973
382
9792
7856
807
333
8805
7602
7187
4982
5258
1484
156
6240
5601
9391
6414
7026
5354
9906
2743
7793
6484
2814
2914
7014
1062
6373
4774
8202
39
1027
696
4223
4553
9654
7054
3657
1348
5666
2831
8843
7477
5610
7380
9406
3886
8235
3673
7613
3614
4771
1177
2411
8683
7938
8582
3286
664
7024
5744
9534
6250
5717
2035
279
3982
2066
8750
1182
2251
1962
2600
6490
9192
1986
425
2176
2545
6802
3169
9386
3187
4508
8565
6403
9503
3339
1536
8275
2450
3017
5756
7235
6557
7775
8281
253
5779
4307
4461
7518
1741
6340
635
402
6778
8952
273
2768
4449
3684
9986
8863
4394
4173
8097
1962
6055
532
4083
6854
5379
8541
593
7639
3094
9672
7216
8440
4812
5539
1719
9468
2571
9394
9168
3078
1910
5816
5462
9709
9037
9854
6161
8630
8988
5795
3201
7161
7105
3061
5078
1128
3606
7157
4261
3125
2258
5153
6175
6647
5022
436
6753
2907
7408
3887
3687
3899
1831
9382
3166
1382
7470
68
6639
3162
1434
7483
9030
6197
6746
9868
4196
2724
1429
3494
694
9030
1028
9648
199
2847
5706
6363
8284
5426
1840
1011
486
6771
3224
2182
950
6938
8514
8252
6770
7540
6286
1056
2053
3347
608
1105
1001
3863
5768
8236
3268
7412
2848
4543
5407
5288
2486
5352
8394
9525
6010
5804
7925
537
1354
6371
3791
3559
82
1712
9114
5868
7526
2403
6104
856
6753
5694
1739
7561
6654
7039
7369
1570
1791
3610
218
8409
5296
482
2312
9034
2609
7883
9203
208
7072
5201
7161
3808
7631
3564
9678
7176
4807
5396
1888
6492
9080
5891
3216
7107
4095
7933
264
4014
7116
1937
8590
4489
7821
9141
5250
4096
629
1452
826
9555
9890
20
5800
394
4491
243
9464
1525
4401
306
5935
8851
7602
5849
9277
4642
3138
8818
2065
4249
9314
1879
7563
629
4839
8673
6347
8576
567
3782
5026
2678
4178
8329
1094
7327
4863
307
5636
5235
2865
259
8957
7828
4675
9087
418
7729
7352
9971
3144
3230
1048
6832
8822
3448
4160
727
1837
2326
8001
5879
7817
4332
2275
9963
2847
7193
7098
2964
724
8277
791
2857
1908
3784
4611
3887
3224
3615
1499
3880
7546
2790
6246
1581
9747
6182
4955
9917
1547
3033
4551
1021
4076
5064
2839
2921
6961
5578
8232
4086
7424
3583
5506
4233
3429
5365
6852
1880
7017
7878
9288
4742
4571
3522
1450
2533
6711
2439
3075
4255
6671
5707
102
5059
10
3616
126
1599
7610
8466
1206
4888
9028
5722
2677
7043
589
5112
7151
333
146
4680
6797
1891
5987
7471
1113
29
898
5805
3723
7707
2005
7358
120
7737
184
9234
8386
8594
1066
3411
2822
9927
3717
3122
1834
3652
8362
1139
7162
2787
700
2960
1140
8072
9438
9497
6393
305
3809
7654
7525
1972
6311
6578
8010
8050
985
5839
1382
408
8307
9612
8133
6454
9860
9965
8284
9853
483
9669
2459
7665
5300
6197
3512
9670
1334
7739
4527
6023
5721
4447
8395
1247
5020
3307
2840
9929
9108
8716
1053
1650
1298
7012
1497
8559
6483
7881
2559
7702
9494
6482
4511
4176
7657
9071
4422
1046
9768
7117
5099
2487
3574
2876
9387
4724
8140
2652
5096
9236
2062
4977
4070
253
9325
7646
657
3889
2011
4089
9932
9550
702
3878
9928
3400
8479
3061
1075
8022
3804
3973
7469
2980
1982
3384
3082
6536
4461
2135
7777
4455
745
3116
5382
6946
7549
5638
5412
6718
1183
7677
2857
4849
4134
8846
1824
3518
5684
1997
5730
4984
6507
627
4733
8656
6619
7057
9230
7232
8863
5530
2523
8009
6469
6597
2220
7886
1889
1032
885
1845
9932
5091
9833
5776
2742
1836
377
2101
3748
7235
7251
3104
6640
6865
7802
5821
4555
5105
1965
1750
5771
8980
2658
6534
893
3483
2027
6146
2386
7018
8992
74
6976
8172
8221
3644
3914
3703
5631
6878
4931
3772
4238
1645
4096
3943
9650
2692
8921
113
4511
8997
4848
9415
7049
1968
646
4644
4819
6814
2314
6846
8580
6736
6664
8769
4014
3722
2870
9459
8936
4233
7440
4807
502
7898
2060
5749
3115
8499
4409
7331
8874
8900
9156
9754
3522
8522
6547
2683
4540
982
7193
6141
6423
3675
6828
2420
1512
9943
7312
5673
1377
624
8530
3693
4548
1884
8761
5603
5219
1341
9234
9661
2191
5076
8853
428
5764
7426
9754
7318
1251
4777
3053
6196
1463
7113
3472
4062
8358
6894
3426
2183
9193
3493
3049
6263
4418
9612
8521
4479
7781
3551
6693
796
2054
4586
1174
2453
6191
8896
735
4593
254
7034
1656
4565
1481
9127
7750
4067
895
7303
7640
9727
381
6863
477
2037
9242
8108
8291
7837
9563
9160
9625
4444
1013
443
9974
3418
1233
6544
379
6198
7060
6995
7653
3612
593
2658
5616
674
2458
3222
7132
7860
899
5197
4947
5121
4406
5166
2132
9076
9893
1977
1213
2640
6680
5710
2604
8660
6371
990
1421
8156
9705
9572
7533
9539
3366
3328
9912
4924
400
9028
5457
6430
6362
8180
2088
910
536
5892
232
2950
5908
3354
4611
5294
9122
2418
6383
9021
6791
5662
5801
2693
2889
1761
4527
3662
8674
6772
2016
2681
9190
1608
5385
1357
857
763
5802
2787
7196
3767
7937
3001
6145
6438
9742
2239
2665
764
6312
4027
9161
1583
4508
952
4558
6684
9632
3896
4764
9621
6387
8059
7719
4191
5570
7101
1090
9541
2392
3209
9096
4209
8866
4275
763
1719
9936
7648
8386
3409
8276
6308
8951
1361
9792
8864
5037
8607
3967
146
1688
5281
6272
6222
5933
9643
6879
5370
2653
7933
804
6585
3310
7639
1007
8369
1878
6132
1314
8085
3069
9798
2790
713
1851
9555
9135
8566
7112
4882
8297
366
9960
7457
8136
6792
4041
6727
530
5057
463
4032
5829
4604
1159
462
8783
3283
4128
1285
1436
330
6110
5150
5725
9273
9929
3050
9285
7279
2600
8272
6326
1291
234
1383
1827
8863
9543
5281
6311
544
1077
10
2422
984
6288
823
6699
741
4682
5177
7001
8863
4466
1242
5320
3430
4593
6261
8449
5848
2
9882
8022
6614
7739
7044
7699
7729
8870
9738
2322
3527
9538
4124
8779
363
9353
8351
5693
255
6542
9189
4727
7556
1126
9059
6828
9662
8982
4652
2015
344
7265
2436
3494
9681
5595
8080
4690
9891
1277
1929
464
9766
2534
9696
5490
4956
1125
5447
3848
31
8143
4962
8824
9025
8679
6421
4472
1166
4770
2899
7617
6951
934
9238
4557
1047
7839
2711
9927
1975
9243
1729
5709
6484
1586
5805
4042
5088
2004
6112
1575
1494
2265
406
9191
2628
2802
4872
1765
3640
8365
3621
4701
3121
3515
4853
766
1162
3235
7664
9839
330
8560
1825
53
5451
8021
6698
1524
1354
3400
1387
6122
8800
6087
7697
3167
3599
7075
411
5274
4206
6138
7331
2833
9799
7197
1539
9094
6144
7197
426
3244
3638
1022
6287
9224
6774
1803
9402
223
9177
6648
425
3498
7748
4090
4597
7318
3223
3004
5317
5450
5616
7375
2535
2388
5033
6885
8842
8562
5006
4423
3230
8639
3939
9721
3403
8243
2560
5784
7241
6961
9486
9017
43
9579
5193
7720
4135
2039
5348
6921
1263
9553
6577
2499
3270
348
5059
191
1493
9563
1237
5812
5968
9175
3491
7233
690
8853
9286
8185
4756
1348
6421
795
6047
63
9327
8490
6236
9907
4859
2031
383
7342
9139
8558
3574
4551
1258
4082
2626
4022
3599
3721
2076
2862
4509
1861
7989
779
7256
3621
3624
4358
5612
3888
7286
8024
8336
5870
2520
6429
9170
9208
7731
5805
8815
8603
7996
9235
1889
1348
3331
3147
9052
3625
5315
3444
9631
359
8834
7225
5023
9511
566
3575
9770
2953
9427
6401
1
7208
7166
1806
21
630
1994
8135
561
4046
7366
954
5554
3476
955
9361
1760
63
8611
9770
466
373
3669
8735
7797
3211
2484
3760
719
7371
8830
3197
4453
5056
4783
1781
8051
365
4644
4295
2248
370
1294
8727
3400
3621
4341
2285
6646
2572
7588
6912
5270
7613
9719
1965
8632
6320
8283
7999
6479
5051
6560
9791
3013
3045
2238
2031
7278
4327
4101
8006
2940
6264
2295
370
299
136
7976
1182
3335
4991
571
6771
1582
6025
7201
2746
2059
5172
8292
1239
7205
5119
6068
5254
5196
5579
1317
5369
9584
5832
1209
6137
1632
6067
8173
890
759
3009
8527
3396
4417
1812
5567
1026
3240
2394
7705
3481
4678
7112
2123
8305
553
3329
1078
9639
9240
9946
5168
4770
4208
3364
1548
4107
6350
7278
3284
8514
234
3603
8749
2612
4489
7630
2815
5384
4460
3376
7162
9778
102
1717
1159
2617
8477
4491
2375
6756
3302
1703
1250
5251
480
5266
5389
4766
357
150
2813
3583
6255
1772
2137
8270
7179
7543
2748
6351
3945
6045
7126
9909
4811
6924
334
9015
6728
1337
8711
3772
7984
8075
8411
6017
8394
2150
1104
7370
976
7900
7513
4898
390
2757
9222
9573
9814
727
7042
6936
8605
2431
7822
4033
3300
7460
8255
8778
648
9502
2631
7861
7659
6832
1286
2642
1012
3895
6313
5286
2652
6528
5885
4185
1040
7441
8160
5163
6266
9756
4963
5564
6572
9174
6065
4667
6747
4390
5771
7451
2542
6635
9906
5883
4877
765
5920
7393
2146
9
1762
8488
7299
647
4734
5056
6725
8732
8852
3527
3422
8666
7380
4644
4563
6208
8720
6514
8442
2578
8314
6102
5062
2035
3734
9867
9321
8821
6074
4941
4895
7624
7619
1133
8954
3598
5074
5445
9580
5658
5382
8099
6229
7365
7107
5858
7532
8689
7607
4306
5188
1270
2422
6176
6409
9499
113
8366
7228
7430
8523
4386
8371
911
7854
3354
8063
656
7341
7559
6540
8346
525
7523
8884
619
3282
4111
2455
8518
3153
7896
6482
6520
2115
3053
7466
9770
7912
2037
8709
3293
2
8024
4886
1301
119
629
432
8785
2391
2704
3669
3409
1660
8514
3526
7658
8515
6457
6412
7951
6662
1085
8444
1935
9315
4196
1485
9788
3228
1839
2294
3821
5490
2754
7655
6593
4512
3844
765
909
5619
1006
5011
3417
5157
7390
928
6339
7940
4251
7276
1930
7228
7118
3735
8285
9262
1357
2428
7594
5991
928
3668
6898
6293
7482
1582
1227
8053
2968
7922
3717
3153
4912
1079
7759
1050
7358
9162
5113
6270
8549
6699
5492
1002
2536
128
6134
1305
8843
5917
3795
4064
3826
462
7164
476
7743
1764
6040
9718
7683
8861
8128
9615
3608
9592
4504
3151
1217
1501
5317
904
5971
5332
4578
8364
6836
4851
7268
9283
3441
3267
8333
3449
4126
3456
9403
2885
8934
4071
2699
3548
3283
1367
3892
9314
7191
8913
4106
8905
6125
1867
5637
3773
5551
1603
4913
9794
3729
1782
2227
7793
2980
3850
6446
4456
6345
9537
1230
8260
1133
6098
1616
6764
6081
8582
2958
6747
5507
6142
5434
4003
1258
7625
3697
440
9930
4841
1606
1623
8294
4742
1322
650
2867
1329
7781
146
4682
6597
1656
2817
9961
4843
3944
2373
5254
1383
7540
9184
7883
4543
1655
8237
6431
6117
2508
9796
1985
4319
373
72
8073
9814
6139
4722
1434
9513
4872
8312
7058
6324
2242
2565
1771
2160
329
9496
6943
1368
4922
455
5538
3411
4293
6513
5069
1502
4865
9293
7877
2951
2234
5513
9301
8825
2637
8809
5214
6695
2386
8309
7954
3161
8687
521
7929
3393
1964
6597
5217
2320
7009
359
2366
64
4292
8006
3487
3755
1624
4247
5236
2187
867
3524
5190
8231
705
2705
8608
7405
9744
1391
1958
7952
9035
4267
173
2769
2207
6505
9884
5116
5255
3403
5544
9447
2661
6307
5765
7463
404
3737
7462
7136
1144
8521
9321
705
9893
9781
2436
5505
8145
5346
2897
3005
9492
9063
9430
9243
2036
2089
720
2283
9125
6394
1106
8855
7781
5051
9943
9927
3808
3118
4326
9152
3332
459
2246
6069
5860
7735
3565
4093
4011
3894
8566
7749
1090
2108
6524
9535
4335
7418
6140
7070
4035
7763
59
5903
813
1086
3016
3044
2950
9364
616
7851
2324
9869
5660
7910
2308
6466
2387
5119
7862
892
4833
3030
7817
6108
9513
2118
1440
9735
8761
8432
10
3280
5801
3549
2475
140
7480
6675
4179
1037
8969
1863
1689
6438
2326
943
6979
5069
3376
3470
8697
7532
8506
3800
4800
9207
2986
5750
6644
786
5279
7403
118
5805
4218
4655
4845
1078
5419
4687
7687
9422
7544
1476
7437
5926
3551
3091
5171
2864
9596
7258
566
7392
4474
7881
1707
7846
5415
4903
1698
7628
3292
2893
7477
6947
1767
931
8607
9365
3411
4149
2688
2912
270
8638
8315
2547
8916
7905
2514
7292
1753
8751
7709
9440
7085
6579
2061
3953
5818
2342
7184
514
7045
8228
2889
8510
4097
4254
241
3148
2296
4047
6879
3378
2351
2030
8055
8888
6333
935
8041
6412
8482
6612
7224
2570
2865
4519
8752
8089
1074
2039
9184
807
9838
2125
6225
2739
1782
828
6858
6466
8081
696
1972
6514
4630
4582
5335
9556
539
95
1322
5811
2479
6228
4005
6108
8323
2804
5698
8062
2717
9336
3252
2191
3877
8565
3751
238
6081
3483
8848
3635
6512
39
4915
7236
9467
5404
977
1240
1672
1020
2365
9096
8379
238
1273
6101
2955
7464
1332
2533
1716
3167
6143
2099
5546
1367
1613
4805
2313
2702
2156
1409
4592
1383
1853
4383
8710
2605
4644
2466
1763
3398
389
1132
2359
9083
8353
9830
8371
3000
5440
3227
1268
1864
22
5841
1863
7268
9946
1836
9630
5963
9109
9039
1723
9692
8246
3372
9127
9169
1587
5037
7717
6996
5307
6615
5870
4850
6712
8337
2137
6510
1495
8016
6918
4497
414
5337
2063
7387
6284
4997
8493
3653
8525
770
8214
1358
9984
7753
4740
9867
8494
9618
46
801
8436
973
2672
2033
1789
3354
8023
774
6933
4395
1885
787
2542
3374
8798
2078
5303
9347
8337
362
1074
1657
6375
2559
3492
7390
2765
3317
3629
7770
645
9224
6290
7047
3294
2396
6573
3175
9584
3401
4226
2085
7374
1329
288
4863
512
1671
2611
3725
9499
8484
3338
2340
1164
3544
4838
1708
363
5062
315
3998
1862
6899
8890
691
6581
1256
2952
4910
2809
7160
4514
7931
8268
5413
6257
3931
2496
8399
9619
9200
9864
4211
7038
6697
6923
6117
5792
960
4914
9471
4125
9827
3224
3178
5454
9386
8304
3292
5713
6032
1979
4379
6676
5653
7097
7489
7103
8575
5214
4653
7628
855
2112
6137
4306
4612
8135
1466
4443
6262
4845
9773
5755
4390
2241
6157
7427
2786
7537
640
8275
3146
6204
3198
675
5070
5615
6368
1182
5349
6841
7874
7239
8508
1165
5159
9010
5596
9948
8945
4690
8970
7568
8338
3889
7744
5688
5455
4570
5354
644
5540
7189
8126
7419
700
4865
1444
7246
39
7229
5527
1055
766
4040
2523
1201
1397
5300
1915
5829
5687
9321
7317
9179
47
6142
6793
9343
1657
4540
8799
833
1835
6957
7177
1728
7545
8297
812
6679
8275
7985
7089
6497
6236
2489
7070
6145
1762
9694
4023
4466
1032
2054
8857
4266
5895
5636
4951
5070
5613
7320
6106
7471
3484
6532
182
5595
9872
6358
8162
8165
1735
1308
5676
6907
913
4530
2694
696
3125
8952
5657
8475
5404
7192
3455
2096
1419
6351
9332
7837
7700
8989
4006
4837
3577
1067
5445
2705
2068
1175
7263
6141
8880
1198
4312
427
9796
715
8182
6648
2963
169
3486
4571
775
3086
1451
7636
9149
6223
7173
5697
8919
7918
5745
7149
2081
5012
5244
7362
6379
9140
8812
5371
5169
6785
8726
1699
4246
2974
5939
1018
4683
5796
8042
8215
7039
8945
5364
7714
8299
6658
2306
9809
9379
5295
7069
5367
8262
5648
6371
7492
9856
3407
654
678
8368
4393
3397
6867
3013
6288
4587
496
1414
1638
4888
1752
1063
4752
7700
3272
837
7190
5053
8601
270
5604
5646
7221
2639
8486
2731
1833
4921
5576
1807
2134
4273
4991
8647
4645
7235
1251
9798
2113
1871
8416
9004
8311
6889
778
6683
5463
9159
1948
7098
5966
4716
2537
4468
3377
3253
6044
4691
800
4963
2515
2549
2537
8686
5307
2302
9351
9613
7180
9614
7748
44
465
4849
4472
4389
2024
4340
7757
5672
8893
7044
487
3535
6504
3404
6840
8382
7515
2999
4113
8325
7068
400
9770
5187
84
8423
1288
7278
9067
2242
1718
6833
4815
589
4087
8349
424
2271
8281
6480
4851
2296
4779
6258
992
5877
4149
370
5303
9389
3437
4680
832
1334
6293
9914
7132
9897
3504
9164
8637
4035
3301
5079
5659
4737
434
6723
3957
6073
2683
815
4259
7233
781
8849
1778
7332
3373
4315
1505
4077
1207
1191
1752
4511
4456
7951
3385
3122
1311
5443
4491
6121
1598
5391
9388
3102
5676
2299
2276
5569
8229
4336
3039
8451
1079
6531
5941
1619
9112
4558
8813
4133
4294
8293
7211
1319
5401
9582
3123
2568
9827
7466
9933
9474
8063
5663
1457
9851
7880
7711
3800
5524
6492
6572
5614
2122
2883
381
1433
25
2761
3531
1232
6073
8749
8752
8955
9632
2448
2221
3428
1943
3220
4466
7807
5072
5870
9088
2090
1643
5364
3836
5555
4465
4131
3202
1581
1171
5698
4068
5409
5137
9219
5808
4342
709
1875
3000
2974
645
1545
8847
5056
1619
4369
8757
8228
8737
2178
7867
8915
5706
7426
6116
3031
204
8646
6992
9622
5044
1224
847
6045
109
2464
1700
3571
9438
3390
5086
9036
3165
3440
7197
9630
5897
5896
4902
3175
5021
616
5354
4821
355
4396
9448
1565
7712
8923
8887
9346
8227
7795
1033
930
1426
3605
8291
6808
3953
361
4431
74
9087
8254
4721
4647
883
5406
9121
741
3
1586
2717
7939
8600
3859
2652
4172
6494
39
474
5976
6663
2701
8176
1087
8050
7191
4158
5461
6546
3822
1678
3834
8176
5077
6935
6528
7123
8325
2056
4556
3970
1688
1290
7062
3847
8207
1853
5751
4299
9349
2173
2392
326
5413
8245
5555
3399
5619
4398
1213
4925
7300
4692
1179
7690
463
5603
320
4231
2312
3615
6846
770
9800
5928
1926
970
850
392
4952
9263
7711
5266
8467
7400
2151
8225
2009
9586
7666
5808
7114
4111
570
1211
2148
5274
8003
6597
1546
3809
7310
936
53
8335
8682
6664
6489
2599
9414
444
8193
1913
3098
3426
8865
5010
8949
3343
4069
9735
6416
1632
5525
6652
1242
8213
9111
2070
5830
6500
9015
6854
4762
6153
7516
6439
8772
3422
3265
9579
3709
5567
8152
2728
1832
5416
3305
5052
8299
8353
592
6954
6625
989
2207
6926
7865
4819
4660
4690
9418
6557
4253
1623
9070
2086
8171
7344
7302
8659
4290
4266
3776
6676
4699
2033
7154
6336
345
6109
6596
6877
2396
2673
4811
6012
1161
2415
8724
1793
1856
6051
515
9040
4586
9048
6985
4225
9648
9217
6405
5295
74
2692
6572
3668
6023
9924
2912
8659
5330
8905
2533
7443
8798
3657
7280
7391
8262
8218
6915
1794
3273
2794
1243
6346
1625
4717
1404
5991
7209
3651
7215
8822
8598
7436
4343
383
5859
3069
5793
7146
4351
7863
576
6175
2206
4383
855
1523
9833
5832
7564
4989
9817
2818
7778
7408
4367
9242
7053
4043
4864
5510
6829
7252
9722
2832
8427
8417
1080
7111
3189
7173
9783
9796
1071
9288
9217
3870
9500
5132
8989
6404
4616
1416
735
252
4899
5272
3096
1719
5251
1266
1641
3868
8525
47
6548
9930
2604
7034
7056
2891
9336
6054
1889
1947
5646
9866
5370
6980
6272
7378
5463
8763
9757
6050
4649
4799
8828
7239
770
5795
1604
6327
2099
3958
7592
9726
283
5323
9602
1315
3251
1628
3273
98
2568
3722
2187
3061
8913
9454
6917
579
4797
7773
6422
8021
3783
4890
8650
7990
9364
2300
6579
8165
9430
1253
8228
1424
6160
7690
2708
1008
5046
8807
625
5056
9564
580
8591
477
5927
7882
2255
7848
7260
3936
4700
9248
4639
2064
2718
8375
4984
7394
6552
2582
5066
738
5302
5790
4874
8758
1339
9324
2561
5233
4703
8241
2339
3273
2934
9455
5008
3908
1822
5138
8502
22
4666
9988
5021
103
7281
6323
5908
4495
3212
5788
3597
2779
7470
157
7587
578
6350
2743
7008
4224
3468
88
170
4301
3666
3501
7454
8542
6409
274
4492
7004
2574
