824
268
290
981
821
62
714
689
41
722
288
497
443
119
2
594
419
201
953
388
980
48
701
443
815
285
709
671
256
89
446
212
39
687
392
638
648
387
779
712
969
597
418
730
648
913
38
747
535
483
73
165
250
115
633
426
671
537
296
946
816
922
958
389
246
629
939
885
507
492
188
6
425
379
871
76
454
571
196
424
486
671
956
569
743
948
330
705
235
672
577
782
579
568
411
705
249
681
510
813
763
832
926
702
210
649
624
260
230
423
386
99
699
326
606
640
952
185
303
906
369
741
162
431
920
208
439
536
168
828
831
352
589
636
226
118
125
779
49
572
599
644
789
770
126
807
148
370
678
427
360
708
26
117
650
733
575
687
513
538
375
103
60
348
586
835
132
343
968
332
919
553
817
849
50
172
793
263
403
354
107
917
618
964
224
732
781
946
364
279
87
312
553
868
846
589
254
102
111
58
102
680
230
507
108
257
275
43
65
925
239
278
372
914
673
917
911
166
481
236
804
38
15
545
355
312
931
266
118
836
771
191
224
821
706
793
225
436
945
57
692
274
395
518
635
293
537
603
609
210
74
743
921
930
463
712
427
624
408
881
35
596
314
802
873
623
54
80
815
781
779
798
83
398
82
717
267
430
563
190
758
423
997
908
939
482
494
850
743
747
309
504
514
819
946
457
412
446
635
560
776
712
350
359
734
442
770
111
722
112
247
148
955
203
185
288
114
664
132
376
769
864
384
406
316
850
953
827
419
380
213
585
47
304
940
751
343
303
446
292
568
166
863
742
11
624
151
676
28
911
268
86
196
80
911
584
77
751
515
142
756
455
924
778
614
258
685
862
634
22
883
563
578
633
814
28
706
683
324
294
940
222
937
571
528
164
115
885
607
286
571
682
242
178
159
567
79
524
399
382
660
946
6
175
731
269
102
866
117
702
436
615
227
219
264
370
42
282
127
668
209
736
303
3
512
581
92
786
532
375
858
987
750
382
305
725
283
939
937
53
375
923
751
402
970
541
329
568
75
674
319
269
370
235
339
843
325
495
568
257
650
82
576
285
156
599
488
79
73
525
975
247
387
78
797
818
935
239
361
972
216
555
659
37
660
264
835
92
722
899
394
874
892
477
493
117
89
599
709
128
922
713
463
631
810
848
986
838
904
470
259
18
123
638
834
425
979
373
33
582
307
465
549
845
521
956
703
419
575
188
115
899
400
473
531
839
716
364
619
377
502
229
407
130
73
472
413
726
455
707
527
48
176
3
805
432
496
540
922
433
600
176
562
511
369
71
511
739
46
572
960
820
727
305
688
777
817
242
155
525
606
111
895
824
475
595
855
851
397
756
906
470
117
919
605
993
755
811
623
439
898
999
911
405
956
281
488
803
102
265
970
417
153
758
681
412
4
412
135
31
642
303
787
454
447
710
785
302
472
779
13
220
523
714
868
19
352
679
215
986
508
959
6
152
982
404
999
780
78
791
259
651
998
931
413
644
618
453
318
507
947
538
906
300
535
501
592
799
652
347
518
57
438
669
611
449
333
868
559
995
532
24
363
157
726
591
53
514
832
120
276
570
88
180
47
231
366
955
407
838
989
50
663
654
782
456
135
186
129
754
797
878
373
217
972
775
629
459
450
543
168
526
711
137
919
490
586
180
394
412
251
841
282
941
751
39
737
230
567
178
540
703
539
465
746
898
326
85
460
910
357
398
167
643
873
420
769
791
754
804
442
16
536
790
680
46
170
32
941
420
132
279
796
826
956
786
312
583
924
593
130
2
400
403
804
501
512
520
175
141
605
329
714
121
958
813
854
789
427
38
521
393
369
88
358
700
299
247
997
665
966
706
842
181
224
72
629
914
682
103
772
566
316
730
603
424
71
393
744
445
845
449
847
853
876
942
419
798
509
52
644
909
949
968
572
574
673
882
665
327
420
756
393
282
236
345
852
367
263
393
779
974
363
620
691
518
587
513
896
40
286
111
168
291
535
222
467
795
487
684
249
804
171
146
843
692
642
253
307
960
726
384
818
547
322
235
832
609
301
71
823
400
270
321
555
55
741
1
361
410
984
485
209
828
250
751
740
771
432
296
233
566
485
816
383
63
290
565
506
100
211
976
983
713
192
554
800
828
808
531
457
162
374
810
580
482
470
701
428
282
21
424
78
895
587
99
823
68
418
454
91
62
788
365
586
672
299
712
606
704
989
548
298
724
76
986
693
377
953
938
957
329
795
745
972
843
257
563
787
543
615
489
605
189
43
92
335
94
822
97
