bubble_random_10000.txt datasize: 10000: 1 3 4 7 8 8 10 12 13 14 15 
15 15 16 17 18 18 20 23 24 27 
27 28 29 29 30 31 32 33 33 34 
34 34 35 35 35 37 40 40 42 43 
43 44 45 45 45 47 47 49 49 51 
53 53 54 54 54 55 57 57 57 57 
59 59 60 61 61 62 62 63 63 63 
63 63 64 65 75 76 81 84 84 84 
84 84 85 86 86 87 89 89 92 94 
94 95 95 95 96 96 99 99 101 101 
104 107 107 108 109 112 112 115 115 116 
118 118 118 119 120 122 122 122 123 126 
128 129 134 135 137 138 140 141 141 141 
143 145 146 148 148 153 156 156 157 157 
157 157 158 158 159 160 160 161 161 162 
162 162 163 163 164 167 167 168 168 169 
172 173 173 173 174 174 175 175 176 177 
179 180 182 182 183 185 186 187 187 189 
191 194 196 196 196 197 198 198 199 199 
200 200 200 203 205 206 207 208 209 209 
211 212 212 215 216 217 218 219 222 223 
223 226 227 228 228 230 230 231 231 234 
235 236 236 236 236 237 239 240 240 241 
244 245 247 247 248 251 252 253 255 256 
259 260 261 263 263 264 265 266 269 269 
270 276 278 279 280 282 282 282 283 285 
290 291 291 291 291 292 292 293 294 295 
298 299 299 302 304 306 307 308 311 311 
312 313 315 316 317 317 319 320 321 321 
322 322 325 326 326 326 326 330 331 332 
333 334 338 338 339 340 340 340 341 341 
341 342 344 344 347 349 350 350 351 352 
353 354 355 358 358 359 359 359 362 363 
363 364 364 365 365 367 368 368 370 370 
370 374 374 375 376 376 377 380 383 383 
384 384 385 387 388 392 393 395 397 398 
398 401 401 402 402 403 404 404 404 405 
405 406 406 407 412 413 413 415 415 416 
416 416 417 418 420 420 421 422 422 423 
424 425 425 426 429 431 432 432 434 435 
439 439 439 440 441 442 443 446 446 450 
451 451 451 453 454 456 457 457 457 458 
459 461 462 462 462 463 464 464 464 464 
465 466 467 467 467 468 469 469 469 470 
470 473 473 473 474 476 477 477 478 479 
480 481 481 483 486 486 487 488 488 489 
489 491 491 494 494 495 497 497 497 497 
500 501 502 505 506 506 507 507 507 508 
508 512 512 514 515 517 519 519 519 520 
520 522 522 524 526 528 529 529 530 530 
530 531 536 537 538 541 542 543 544 545 
546 549 549 550 551 553 553 554 554 555 
556 557 557 559 560 560 562 563 564 565 
565 565 566 567 568 571 573 574 576 577 
578 579 580 583 584 585 588 589 591 591 
591 592 593 593 595 597 598 599 600 600 
600 601 602 603 606 609 610 610 613 614 
614 615 617 618 621 622 623 623 624 625 
626 626 627 628 629 629 630 631 631 631 
632 633 634 634 637 637 637 638 638 639 
641 641 642 642 643 644 645 647 649 649 
649 649 650 652 652 652 653 654 655 659 
659 659 660 660 662 662 662 665 666 667 
671 672 673 674 675 675 678 678 679 679 
681 681 682 684 686 686 687 689 690 691 
691 692 693 693 695 698 701 702 702 702 
706 707 708 708 708 708 709 711 712 713 
713 714 715 716 717 720 721 722 722 723 
724 726 727 728 729 729 730 730 730 731 
732 733 734 739 739 740 741 742 743 746 
747 748 748 749 749 750 752 754 755 758 
758 759 762 762 763 765 765 766 766 767 
767 768 769 769 770 770 773 773 773 777 
777 778 782 782 782 783 785 787 789 790 
792 792 792 792 793 794 795 797 797 799 
800 802 802 804 804 804 804 805 807 808 
808 808 810 811 812 813 816 816 816 817 
817 818 821 821 822 824 825 825 825 829 
830 830 831 832 833 833 835 836 837 837 
837 839 841 841 841 842 843 843 843 844 
844 845 846 848 848 850 851 856 857 857 
858 859 859 861 863 864 864 865 867 867 
868 868 869 870 870 871 871 871 872 873 
877 878 878 878 879 879 881 882 882 883 
884 886 886 887 889 890 892 893 893 894 
895 895 896 896 896 896 897 899 902 903 
904 904 907 913 914 916 919 921 922 924 
924 925 927 927 929 930 932 933 934 936 
937 938 938 938 938 939 939 941 942 942 
943 943 945 946 946 948 949 950 950 950 
951 951 952 953 954 954 955 955 957 959 
959 962 963 963 964 964 964 965 966 966 
967 967 967 968 971 974 975 975 976 976 
980 981 982 984 985 986 986 987 987 989 
989 990 990 990 991 991 992 994 996 997 
998 1002 1003 1003 1003 1006 1006 1006 1007 1007 
1007 1008 1009 1012 1013 1014 1016 1019 1021 1021 
1024 1024 1025 1026 1026 1026 1027 1028 1028 1031 
1032 1036 1036 1038 1038 1040 1040 1041 1041 1043 
1043 1044 1044 1044 1045 1045 1046 1046 1048 1049 
1049 1049 1049 1052 1054 1056 1059 1059 1061 1063 
1064 1065 1065 1066 1067 1068 1069 1070 1071 1071 
1071 1072 1073 1073 1076 1079 1080 1081 1081 1082 
1083 1084 1084 1085 1085 1086 1086 1086 1087 1089 
1091 1092 1093 1094 1095 1099 1099 1101 1101 1102 
1103 1103 1104 1105 1105 1105 1106 1107 1107 1108 
1110 1110 1110 1111 1112 1112 1112 1115 1120 1120 
1121 1122 1122 1123 1124 1126 1128 1128 1130 1132 
1132 1135 1139 1139 1140 1140 1140 1141 1142 1143 
1143 1143 1147 1148 1149 1152 1153 1153 1154 1155 
1156 1156 1159 1160 1160 1162 1162 1162 1163 1164 
1166 1167 1167 1168 1170 1171 1172 1175 1176 1178 
1179 1182 1182 1183 1185 1186 1187 1188 1189 1189 
1190 1191 1192 1192 1193 1194 1195 1195 1196 1197 
1197 1197 1197 1197 1199 1200 1201 1204 1205 1206 
1207 1207 1209 1209 1209 1211 1211 1213 1213 1214 
1215 1216 1216 1217 1218 1220 1220 1222 1223 1223 
1223 1223 1224 1225 1226 1226 1227 1230 1231 1232 
1232 1232 1233 1235 1235 1237 1237 1237 1239 1240 
1242 1242 1243 1244 1246 1247 1247 1247 1248 1249 
1250 1252 1253 1253 1254 1256 1256 1258 1259 1259 
1261 1265 1265 1266 1268 1268 1269 1269 1270 1271 
1271 1271 1273 1273 1274 1275 1276 1277 1277 1278 
1278 1278 1280 1280 1280 1282 1286 1286 1287 1288 
1289 1289 1290 1292 1293 1294 1294 1296 1296 1298 
1298 1299 1300 1303 1305 1305 1306 1306 1307 1308 
1308 1309 1311 1312 1313 1316 1317 1318 1318 1318 
1319 1319 1320 1320 1323 1323 1323 1324 1324 1325 
1326 1328 1331 1331 1334 1335 1336 1338 1340 1340 
1342 1343 1344 1344 1345 1345 1346 1346 1347 1347 
1349 1349 1350 1350 1350 1351 1351 1354 1355 1356 
1356 1357 1357 1359 1359 1360 1361 1362 1362 1364 
1366 1367 1368 1368 1368 1368 1369 1369 1370 1370 
1371 1372 1373 1374 1375 1375 1377 1377 1378 1378 
1380 1380 1382 1383 1384 1385 1387 1387 1387 1387 
1389 1389 1389 1390 1392 1392 1393 1393 1393 1394 
1395 1396 1397 1397 1399 1400 1401 1402 1402 1405 
1406 1406 1407 1408 1408 1409 1409 1409 1410 1412 
1416 1417 1417 1417 1418 1420 1420 1420 1422 1423 
1423 1424 1425 1425 1426 1426 1427 1429 1430 1431 
1433 1435 1436 1437 1438 1440 1440 1443 1447 1449 
1451 1452 1454 1457 1458 1459 1460 1461 1462 1462 
1463 1465 1466 1466 1466 1469 1469 1471 1471 1472 
1475 1477 1478 1478 1479 1480 1480 1481 1482 1485 
1485 1488 1489 1489 1489 1489 1490 1491 1492 1492 
1492 1493 1493 1493 1495 1498 1500 1501 1501 1502 
1502 1503 1504 1504 1504 1505 1505 1506 1507 1509 
1510 1510 1511 1512 1514 1516 1517 1519 1519 1519 
1522 1523 1526 1527 1527 1528 1530 1530 1530 1530 
1531 1532 1533 1534 1535 1537 1538 1538 1539 1540 
1540 1541 1546 1546 1548 1548 1548 1549 1550 1550 
1551 1552 1553 1554 1554 1554 1555 1556 1558 1558 
1559 1561 1562 1562 1563 1563 1563 1563 1565 1566 
1567 1569 1569 1569 1569 1571 1572 1573 1574 1574 
1575 1577 1578 1578 1579 1580 1581 1581 1583 1583 
1584 1586 1586 1586 1587 1589 1590 1591 1592 1592 
1592 1593 1594 1594 1595 1595 1596 1597 1599 1599 
1600 1602 1602 1602 1604 1605 1606 1606 1607 1608 
1609 1610 1610 1612 1613 1613 1614 1615 1615 1615 
1618 1619 1620 1622 1622 1623 1625 1626 1626 1628 
1629 1630 1631 1631 1631 1632 1633 1634 1634 1636 
1637 1637 1639 1641 1641 1642 1642 1643 1646 1649 
1652 1652 1654 1654 1655 1655 1656 1657 1657 1657 
1658 1658 1660 1660 1663 1663 1665 1665 1665 1666 
1666 1668 1671 1675 1675 1678 1680 1682 1686 1688 
1690 1690 1690 1691 1692 1692 1693 1693 1694 1695 
1695 1698 1698 1699 1699 1702 1704 1704 1705 1706 
1706 1707 1707 1708 1710 1710 1710 1711 1714 1714 
1714 1715 1716 1719 1720 1721 1722 1722 1726 1726 
1726 1726 1726 1729 1731 1733 1733 1734 1734 1735 
1735 1736 1736 1737 1737 1737 1738 1738 1739 1740 
1740 1740 1741 1741 1742 1743 1744 1744 1746 1748 
1751 1752 1753 1753 1753 1755 1756 1756 1757 1758 
1759 1759 1760 1760 1763 1763 1764 1766 1766 1767 
1768 1769 1769 1770 1772 1773 1773 1774 1774 1775 
1776 1779 1779 1780 1781 1787 1787 1789 1789 1790 
1791 1792 1792 1793 1793 1794 1794 1795 1796 1796 
1797 1799 1800 1800 1803 1803 1804 1804 1805 1806 
1808 1808 1809 1809 1809 1810 1811 1811 1813 1813 
1813 1815 1816 1816 1816 1816 1817 1817 1819 1819 
1820 1820 1824 1824 1826 1827 1829 1830 1831 1833 
1833 1837 1837 1838 1838 1839 1840 1841 1843 1843 
1845 1846 1847 1848 1848 1848 1849 1849 1850 1850 
1853 1854 1855 1857 1859 1859 1859 1859 1860 1861 
1861 1861 1861 1861 1864 1864 1865 1865 1865 1866 
1867 1867 1868 1870 1873 1876 1876 1879 1881 1882 
1883 1884 1884 1884 1885 1886 1886 1886 1887 1887 
1888 1890 1890 1890 1891 1893 1895 1896 1897 1898 
1899 1899 1900 1901 1903 1908 1910 1910 1912 1914 
1914 1914 1915 1916 1918 1923 1923 1924 1924 1926 
1926 1927 1927 1927 1927 1928 1928 1930 1931 1931 
1932 1932 1935 1936 1936 1936 1937 1939 1939 1943 
1943 1944 1944 1944 1946 1947 1948 1948 1948 1949 
1949 1950 1951 1951 1955 1955 1955 1956 1956 1957 
1957 1960 1962 1962 1966 1968 1968 1970 1971 1972 
1973 1975 1975 1976 1977 1979 1980 1980 1981 1981 
1984 1985 1986 1986 1987 1988 1989 1993 1993 1993 
1994 1995 1995 1995 1996 1996 1997 1998 1998 1999 
2000 2000 2001 2003 2007 2010 2012 2013 2014 2014 
2014 2015 2015 2017 2018 2020 2021 2022 2025 2025 
2026 2027 2028 2029 2031 2034 2034 2035 2035 2036 
2036 2037 2042 2045 2045 2046 2046 2046 2048 2048 
2050 2051 2052 2052 2053 2054 2056 2058 2058 2059 
2061 2062 2063 2065 2068 2069 2070 2070 2071 2071 
2072 2073 2074 2076 2077 2077 2078 2078 2079 2081 
2081 2082 2082 2082 2082 2084 2086 2086 2087 2088 
2089 2090 2091 2091 2092 2092 2092 2093 2095 2095 
2095 2096 2098 2101 2102 2103 2104 2105 2107 2108 
2109 2110 2110 2112 2114 2115 2116 2116 2117 2118 
2119 2120 2120 2121 2121 2121 2122 2122 2124 2125 
2125 2126 2126 2130 2131 2132 2132 2132 2133 2135 
2137 2137 2139 2141 2143 2143 2144 2145 2145 2146 
2147 2147 2148 2149 2150 2150 2151 2151 2152 2152 
2152 2153 2155 2156 2156 2159 2159 2161 2161 2161 
2162 2163 2163 2164 2165 2167 2167 2168 2169 2171 
2172 2172 2172 2174 2175 2176 2177 2178 2180 2180 
2181 2181 2182 2182 2182 2183 2184 2184 2184 2186 
2186 2187 2187 2188 2190 2190 2191 2192 2194 2194 
2195 2196 2197 2198 2202 2202 2204 2204 2205 2209 
2210 2215 2217 2217 2217 2217 2218 2218 2218 2219 
2219 2223 2223 2225 2225 2225 2226 2227 2228 2228 
2228 2228 2229 2229 2230 2231 2232 2232 2232 2235 
2235 2235 2236 2236 2236 2236 2237 2238 2238 2239 
2239 2239 2240 2240 2240 2240 2241 2241 2242 2242 
2242 2244 2246 2246 2247 2248 2249 2250 2250 2251 
2251 2252 2253 2254 2255 2255 2257 2257 2257 2258 
2259 2260 2261 2263 2267 2268 2268 2271 2271 2273 
2273 2275 2275 2276 2276 2277 2278 2278 2278 2279 
2279 2280 2281 2282 2284 2287 2287 2287 2288 2291 
2292 2292 2295 2297 2299 2300 2303 2303 2303 2306 
2306 2306 2308 2310 2312 2312 2312 2312 2315 2316 
2317 2317 2318 2318 2318 2319 2320 2322 2323 2324 
2325 2326 2326 2327 2327 2328 2329 2330 2330 2331 
2332 2332 2332 2332 2333 2333 2334 2334 2335 2335 
2337 2340 2340 2340 2341 2342 2345 2346 2347 2350 
2350 2351 2352 2356 2356 2357 2357 2357 2357 2359 
2360 2361 2362 2364 2364 2367 2367 2367 2368 2368 
2371 2372 2377 2378 2378 2381 2383 2383 2383 2385 
2387 2388 2391 2392 2393 2393 2394 2394 2394 2396 
2397 2398 2399 2399 2400 2401 2401 2401 2401 2404 
2404 2406 2409 2410 2410 2411 2413 2416 2417 2417 
2417 2419 2420 2420 2422 2424 2426 2427 2429 2429 
2430 2430 2431 2431 2435 2435 2435 2436 2438 2438 
2438 2438 2439 2439 2445 2446 2446 2446 2447 2447 
2448 2449 2449 2450 2451 2452 2452 2455 2456 2457 
2457 2458 2461 2462 2462 2463 2464 2465 2466 2468 
2469 2469 2471 2472 2472 2472 2473 2473 2475 2475 
2475 2476 2476 2476 2478 2479 2481 2482 2482 2482 
2483 2483 2486 2488 2489 2489 2490 2493 2493 2494 
2494 2494 2495 2495 2498 2499 2499 2500 2503 2503 
2505 2507 2509 2509 2510 2510 2510 2511 2511 2513 
2515 2516 2516 2516 2517 2518 2518 2518 2521 2522 
2522 2524 2525 2525 2526 2527 2528 2529 2531 2534 
2535 2535 2536 2540 2540 2540 2543 2543 2547 2548 
2550 2550 2550 2551 2552 2553 2554 2556 2556 2558 
2560 2561 2561 2562 2562 2563 2564 2564 2565 2566 
2567 2567 2568 2569 2569 2570 2570 2572 2574 2575 
2576 2580 2581 2581 2582 2585 2585 2586 2590 2590 
2591 2591 2591 2592 2594 2594 2594 2594 2596 2597 
2598 2600 2600 2601 2601 2602 2603 2603 2605 2605 
2606 2606 2606 2607 2608 2609 2609 2610 2610 2613 
2614 2615 2616 2617 2617 2618 2619 2619 2619 2620 
2622 2623 2624 2625 2626 2626 2626 2627 2627 2628 
2628 2630 2630 2631 2631 2632 2633 2635 2637 2640 
2640 2643 2645 2645 2646 2646 2646 2647 2647 2647 
2648 2654 2655 2655 2658 2658 2659 2659 2660 2660 
2662 2662 2663 2664 2665 2668 2669 2670 2670 2671 
2673 2673 2676 2676 2678 2680 2682 2683 2685 2686 
2688 2689 2689 2689 2691 2692 2692 2693 2694 2694 
2695 2698 2698 2698 2699 2699 2700 2700 2702 2704 
2704 2706 2707 2710 2712 2712 2714 2716 2717 2718 
2718 2719 2719 2719 2721 2721 2722 2722 2722 2723 
2724 2725 2725 2726 2727 2727 2727 2728 2729 2729 
2731 2731 2732 2733 2733 2734 2734 2736 2736 2737 
2739 2739 2740 2741 2742 2743 2744 2744 2745 2745 
2745 2746 2746 2747 2748 2749 2750 2751 2751 2751 
2752 2752 2753 2754 2755 2756 2757 2758 2758 2759 
2759 2761 2762 2766 2768 2768 2771 2771 2771 2771 
2772 2773 2774 2775 2775 2778 2778 2780 2780 2781 
2783 2783 2783 2783 2784 2786 2787 2787 2787 2788 
2789 2789 2793 2794 2795 2795 2797 2797 2798 2800 
2805 2805 2805 2806 2808 2808 2809 2809 2809 2810 
2810 2811 2812 2813 2813 2814 2814 2818 2819 2819 
2823 2823 2824 2825 2827 2828 2829 2831 2831 2831 
2832 2833 2834 2836 2838 2838 2839 2840 2840 2840 
2840 2841 2841 2842 2842 2842 2844 2844 2845 2845 
2848 2848 2848 2849 2850 2850 2852 2852 2852 2854 
2854 2855 2857 2857 2858 2859 2860 2860 2862 2862 
2865 2865 2866 2868 2868 2870 2875 2875 2875 2875 
2877 2879 2880 2880 2884 2885 2885 2885 2886 2886 
2887 2888 2888 2890 2890 2890 2891 2891 2891 2891 
2891 2892 2892 2893 2894 2894 2895 2895 2898 2899 
2900 2900 2901 2901 2901 2901 2902 2903 2903 2903 
2903 2904 2907 2907 2908 2909 2910 2910 2912 2913 
2915 2918 2918 2918 2919 2920 2924 2927 2927 2928 
2928 2929 2932 2934 2935 2936 2936 2937 2939 2939 
2940 2940 2941 2942 2944 2946 2946 2949 2949 2950 
2951 2952 2953 2955 2957 2958 2958 2958 2958 2959 
2963 2963 2963 2966 2967 2968 2969 2970 2971 2973 
2974 2975 2976 2976 2977 2977 2978 2979 2980 2981 
2982 2983 2984 2985 2987 2989 2990 2990 2990 2991 
2995 2995 2995 2995 2996 2996 2997 2997 2998 2998 
2998 3000 3001 3001 3001 3004 3005 3006 3006 3006 
3008 3009 3010 3011 3013 3014 3014 3014 3015 3016 
3016 3016 3016 3018 3020 3024 3028 3029 3029 3029 
3031 3032 3032 3035 3035 3035 3037 3038 3039 3045 
3045 3046 3047 3048 3050 3053 3054 3055 3055 3055 
3055 3056 3062 3064 3064 3066 3067 3068 3068 3069 
3070 3070 3071 3073 3073 3074 3076 3076 3077 3078 
3080 3080 3082 3082 3082 3083 3083 3085 3085 3086 
3086 3086 3087 3089 3091 3092 3092 3092 3094 3097 
3098 3099 3100 3105 3107 3107 3108 3108 3108 3116 
3118 3119 3121 3121 3121 3122 3122 3123 3125 3125 
3128 3129 3130 3130 3131 3132 3133 3133 3134 3135 
3135 3137 3137 3137 3138 3139 3139 3139 3140 3142 
3144 3145 3146 3146 3147 3150 3153 3155 3156 3156 
3157 3161 3161 3161 3162 3162 3165 3168 3169 3170 
3170 3171 3172 3173 3174 3175 3177 3177 3178 3179 
3179 3179 3180 3182 3182 3182 3184 3185 3188 3189 
3189 3192 3193 3194 3195 3195 3199 3199 3199 3200 
3200 3203 3203 3204 3206 3206 3207 3208 3208 3209 
3209 3211 3213 3213 3214 3214 3215 3215 3215 3216 
3218 3218 3219 3220 3221 3225 3227 3228 3229 3229 
3229 3232 3234 3234 3235 3235 3236 3236 3237 3243 
3243 3244 3245 3245 3245 3245 3246 3246 3246 3247 
3248 3248 3250 3252 3253 3254 3254 3254 3254 3254 
3256 3256 3257 3258 3258 3259 3260 3260 3261 3261 
3262 3264 3264 3267 3268 3270 3271 3272 3273 3273 
3274 3274 3275 3275 3277 3277 3278 3280 3280 3280 
3280 3281 3281 3281 3284 3285 3286 3287 3287 3287 
3288 3288 3288 3289 3289 3292 3292 3293 3295 3295 
3296 3296 3296 3298 3301 3303 3304 3305 3306 3306 
3306 3307 3307 3308 3308 3312 3317 3317 3319 3320 
3321 3322 3322 3324 3325 3325 3327 3327 3327 3328 
3329 3331 3331 3333 3334 3334 3335 3335 3336 3336 
3336 3336 3337 3337 3339 3340 3341 3342 3342 3343 
3343 3343 3344 3344 3344 3348 3348 3350 3350 3350 
3351 3352 3354 3354 3356 3358 3360 3361 3362 3362 
3363 3363 3364 3364 3366 3369 3370 3371 3372 3373 
3373 3373 3373 3375 3376 3377 3377 3378 3378 3378 
3379 3379 3380 3381 3382 3382 3383 3383 3383 3383 
3388 3388 3390 3390 3391 3395 3397 3397 3397 3400 
3400 3402 3402 3402 3403 3403 3403 3407 3409 3409 
3413 3417 3419 3421 3422 3422 3422 3423 3423 3424 
3427 3427 3427 3429 3430 3430 3430 3431 3431 3432 
3432 3434 3434 3436 3438 3440 3441 3442 3442 3444 
3445 3445 3446 3446 3447 3447 3453 3454 3454 3456 
3457 3457 3458 3461 3461 3461 3462 3463 3464 3467 
3467 3468 3468 3468 3468 3469 3469 3469 3473 3473 
3473 3474 3475 3477 3477 3480 3480 3480 3480 3481 
3481 3481 3482 3483 3483 3483 3484 3484 3486 3486 
3488 3488 3489 3491 3491 3493 3493 3495 3496 3497 
3498 3499 3499 3499 3500 3501 3502 3504 3504 3507 
3508 3509 3510 3511 3511 3512 3513 3515 3515 3515 
3518 3519 3519 3520 3521 3522 3523 3523 3524 3525 
3525 3525 3527 3527 3528 3529 3530 3530 3530 3530 
3531 3531 3531 3532 3532 3533 3533 3533 3534 3537 
3538 3539 3539 3540 3541 3541 3542 3542 3542 3543 
3545 3546 3546 3546 3547 3548 3548 3548 3550 3553 
3553 3554 3554 3554 3555 3555 3555 3556 3558 3560 
3561 3567 3569 3569 3572 3572 3573 3575 3576 3576 
3577 3577 3578 3580 3581 3581 3582 3582 3583 3583 
3584 3586 3586 3587 3589 3589 3590 3590 3590 3591 
3593 3594 3596 3596 3597 3597 3599 3601 3604 3604 
3606 3610 3610 3611 3611 3613 3617 3618 3623 3624 
3624 3624 3625 3626 3626 3630 3630 3631 3631 3632 
3633 3634 3634 3634 3635 3636 3636 3637 3638 3640 
3641 3643 3644 3645 3645 3645 3647 3648 3648 3648 
3649 3649 3650 3654 3655 3656 3656 3656 3658 3658 
3659 3659 3660 3660 3660 3661 3661 3663 3667 3667 
3670 3670 3672 3673 3673 3674 3675 3675 3676 3676 
3677 3677 3678 3678 3679 3680 3681 3681 3682 3684 
3685 3685 3687 3688 3690 3690 3691 3691 3693 3693 
3694 3694 3695 3698 3698 3698 3699 3700 3703 3703 
3704 3704 3704 3706 3707 3708 3708 3708 3709 3709 
3710 3711 3714 3714 3715 3715 3716 3718 3720 3721 
3722 3726 3726 3727 3728 3729 3730 3731 3731 3731 
3732 3733 3733 3736 3737 3738 3739 3739 3741 3741 
3743 3744 3744 3744 3745 3745 3748 3749 3749 3749 
3750 3751 3751 3752 3752 3753 3753 3755 3755 3757 
3757 3759 3763 3765 3766 3768 3768 3768 3769 3769 
3771 3772 3772 3773 3774 3775 3776 3777 3777 3777 
3777 3780 3782 3782 3783 3785 3786 3788 3789 3789 
3790 3791 3792 3794 3794 3795 3796 3797 3798 3801 
3801 3802 3802 3803 3803 3805 3806 3807 3807 3808 
3809 3810 3811 3813 3813 3814 3815 3815 3815 3815 
3816 3819 3821 3823 3824 3825 3826 3827 3827 3827 
3828 3829 3829 3834 3836 3836 3837 3838 3838 3839 
3839 3842 3842 3845 3845 3845 3846 3846 3847 3848 
3849 3849 3854 3855 3856 3856 3857 3858 3858 3861 
3862 3862 3863 3864 3865 3866 3866 3866 3867 3870 
3872 3873 3873 3873 3874 3874 3874 3874 3875 3877 
3878 3879 3880 3882 3883 3884 3884 3884 3884 3886 
3887 3888 3888 3888 3889 3891 3891 3891 3892 3893 
3893 3894 3895 3895 3895 3897 3899 3899 3899 3899 
3900 3902 3902 3903 3903 3907 3908 3909 3910 3911 
3914 3914 3915 3915 3916 3918 3919 3919 3920 3920 
3920 3921 3921 3921 3923 3925 3925 3926 3926 3927 
3927 3928 3929 3930 3930 3931 3931 3932 3933 3936 
3937 3939 3939 3939 3939 3940 3940 3941 3945 3947 
3948 3948 3949 3949 3951 3951 3951 3951 3953 3957 
3957 3960 3960 3960 3963 3966 3967 3967 3968 3969 
3971 3972 3973 3973 3975 3976 3977 3978 3979 3979 
3980 3980 3980 3981 3982 3983 3983 3985 3987 3988 
3988 3989 3989 3991 3991 3992 3994 3996 3997 4000 
4000 4001 4003 4005 4006 4008 4008 4009 4009 4009 
4010 4011 4011 4013 4014 4015 4016 4020 4020 4022 
4022 4024 4025 4025 4026 4027 4027 4028 4029 4031 
4031 4032 4035 4036 4036 4036 4036 4037 4038 4039 
4042 4043 4045 4045 4047 4047 4048 4048 4048 4050 
4051 4053 4055 4056 4056 4056 4057 4058 4059 4060 
4060 4061 4062 4065 4066 4067 4067 4068 4068 4069 
4069 4071 4071 4071 4071 4073 4073 4073 4074 4075 
4075 4076 4076 4076 4079 4079 4079 4079 4080 4080 
4080 4082 4082 4085 4085 4086 4086 4086 4087 4087 
4088 4088 4089 4089 4091 4092 4093 4093 4094 4094 
4095 4095 4097 4097 4097 4098 4099 4099 4100 4101 
4103 4104 4104 4104 4106 4108 4108 4110 4111 4112 
4113 4113 4114 4114 4116 4116 4116 4117 4117 4117 
4120 4122 4123 4126 4126 4134 4135 4137 4137 4137 
4138 4138 4138 4140 4141 4143 4144 4144 4145 4147 
4148 4150 4153 4153 4154 4155 4155 4156 4156 4157 
4164 4165 4165 4166 4167 4167 4167 4170 4171 4171 
4172 4172 4172 4172 4173 4173 4174 4176 4177 4179 
4187 4188 4192 4193 4194 4197 4198 4201 4203 4203 
4205 4205 4205 4206 4206 4208 4209 4211 4211 4214 
4214 4214 4217 4217 4217 4218 4218 4218 4218 4220 
4221 4222 4222 4222 4222 4224 4228 4228 4231 4232 
4233 4234 4234 4234 4234 4234 4234 4235 4235 4236 
4236 4236 4237 4238 4238 4238 4239 4241 4242 4243 
4243 4244 4246 4246 4247 4248 4248 4252 4254 4256 
4256 4259 4259 4260 4261 4262 4262 4262 4262 4263 
4264 4264 4265 4266 4267 4269 4272 4272 4275 4281 
4281 4281 4283 4284 4284 4286 4286 4289 4289 4292 
4292 4292 4293 4293 4294 4294 4294 4295 4297 4297 
4298 4298 4302 4303 4305 4305 4308 4308 4309 4311 
4311 4311 4311 4312 4313 4314 4314 4315 4317 4317 
4317 4318 4318 4319 4320 4321 4327 4327 4328 4330 
4330 4331 4332 4334 4334 4335 4336 4338 4341 4342 
4342 4344 4344 4344 4344 4345 4346 4346 4349 4349 
4351 4351 4352 4355 4358 4362 4362 4362 4363 4363 
4364 4367 4368 4369 4369 4369 4370 4372 4373 4373 
4373 4375 4377 4378 4380 4380 4381 4381 4382 4383 
4384 4384 4384 4385 4386 4387 4387 4387 4389 4389 
4389 4390 4391 4397 4399 4402 4403 4404 4404 4404 
4405 4409 4412 4417 4417 4417 4418 4419 4419 4420 
4422 4425 4426 4427 4428 4430 4430 4431 4432 4434 
4434 4434 4436 4438 4439 4439 4439 4443 4444 4446 
4447 4448 4450 4453 4453 4453 4456 4457 4458 4460 
4460 4462 4462 4463 4464 4464 4464 4465 4466 4467 
4468 4469 4470 4470 4470 4471 4471 4472 4473 4473 
4473 4473 4475 4476 4476 4477 4479 4479 4481 4483 
4484 4486 4487 4487 4488 4491 4491 4493 4494 4497 
4498 4498 4500 4500 4500 4500 4501 4503 4504 4505 
4505 4505 4505 4505 4507 4507 4507 4508 4508 4510 
4511 4512 4513 4515 4516 4516 4516 4518 4518 4518 
4519 4520 4520 4526 4526 4526 4527 4528 4528 4529 
4529 4529 4530 4531 4531 4532 4534 4534 4534 4534 
4535 4536 4538 4538 4541 4544 4544 4545 4551 4551 
4551 4552 4552 4552 4553 4554 4555 4559 4560 4561 
4561 4562 4563 4563 4564 4566 4568 4571 4573 4574 
4574 4575 4575 4575 4575 4577 4577 4579 4580 4581 
4581 4582 4583 4584 4584 4587 4587 4590 4591 4591 
4592 4594 4594 4595 4595 4595 4600 4601 4602 4603 
4603 4603 4604 4604 4604 4605 4606 4607 4607 4607 
4608 4608 4610 4612 4614 4616 4617 4618 4618 4620 
4623 4623 4623 4625 4627 4629 4629 4631 4631 4632 
4634 4635 4637 4637 4641 4645 4645 4647 4647 4648 
4648 4650 4651 4651 4652 4652 4654 4655 4660 4662 
4665 4667 4668 4669 4670 4671 4671 4671 4671 4672 
4672 4673 4673 4673 4673 4676 4678 4680 4680 4681 
4682 4685 4685 4689 4689 4689 4689 4691 4692 4694 
4694 4698 4698 4698 4699 4699 4702 4702 4702 4702 
4703 4704 4704 4706 4706 4707 4707 4709 4710 4710 
4712 4712 4715 4717 4718 4718 4719 4719 4721 4722 
4723 4725 4726 4726 4728 4728 4728 4729 4731 4732 
4733 4734 4734 4734 4735 4736 4736 4739 4740 4742 
4743 4745 4745 4745 4746 4747 4747 4747 4747 4748 
4748 4750 4751 4751 4752 4753 4754 4754 4755 4755 
4756 4757 4757 4758 4758 4759 4762 4763 4763 4763 
4764 4765 4766 4767 4767 4770 4771 4772 4772 4775 
4776 4776 4777 4777 4777 4779 4782 4783 4784 4785 
4785 4785 4787 4789 4793 4797 4799 4799 4802 4802 
4802 4802 4804 4804 4806 4807 4809 4810 4811 4811 
4812 4813 4816 4816 4816 4816 4818 4818 4819 4821 
4822 4824 4826 4827 4828 4828 4829 4831 4832 4833 
4834 4835 4836 4837 4837 4838 4838 4839 4840 4840 
4840 4844 4844 4844 4844 4845 4846 4848 4850 4852 
4853 4854 4857 4857 4857 4857 4860 4861 4863 4863 
4863 4865 4866 4868 4870 4870 4870 4870 4871 4872 
4872 4873 4874 4876 4876 4877 4878 4879 4880 4881 
4882 4884 4886 4887 4888 4888 4889 4889 4889 4890 
4893 4895 4895 4895 4898 4900 4900 4902 4902 4903 
4903 4907 4908 4908 4911 4911 4912 4913 4916 4917 
4920 4920 4922 4925 4925 4926 4926 4927 4928 4928 
4929 4929 4929 4930 4932 4935 4938 4939 4939 4940 
4941 4943 4946 4947 4948 4948 4949 4949 4951 4951 
4955 4956 4958 4959 4962 4962 4963 4963 4966 4968 
4972 4972 4972 4973 4974 4974 4975 4975 4977 4978 
4979 4979 4979 4979 4980 4980 4981 4982 4987 4989 
4989 4990 4991 4993 4994 4994 4994 4994 4994 4997 
4999 5001 5002 5003 5004 5004 5004 5007 5007 5007 
5010 5010 5013 5013 5014 5015 5019 5020 5022 5025 
5025 5025 5026 5027 5027 5028 5028 5031 5032 5032 
5033 5033 5033 5034 5035 5037 5038 5040 5041 5042 
5044 5045 5047 5047 5047 5048 5048 5051 5051 5052 
5054 5054 5056 5057 5057 5057 5060 5060 5060 5063 
5064 5064 5065 5065 5065 5067 5067 5070 5071 5074 
5076 5077 5078 5078 5080 5080 5086 5090 5090 5090 
5091 5093 5094 5095 5096 5096 5099 5102 5102 5103 
5106 5107 5107 5110 5110 5111 5112 5113 5113 5114 
5114 5115 5116 5116 5117 5119 5123 5123 5126 5126 
5129 5129 5130 5132 5132 5132 5132 5133 5135 5135 
5136 5137 5137 5139 5139 5140 5140 5143 5145 5145 
5149 5152 5152 5154 5154 5154 5155 5156 5157 5157 
5158 5158 5159 5162 5162 5162 5164 5165 5167 5168 
5168 5168 5169 5169 5170 5170 5171 5173 5173 5173 
5174 5174 5175 5177 5179 5180 5180 5181 5181 5181 
5181 5182 5183 5183 5186 5187 5187 5188 5189 5189 
5189 5190 5191 5191 5193 5193 5193 5194 5195 5195 
5196 5197 5197 5198 5200 5201 5202 5202 5205 5206 
5206 5207 5209 5209 5211 5211 5212 5213 5214 5215 
5216 5216 5217 5217 5218 5218 5220 5220 5221 5222 
5223 5223 5225 5226 5227 5227 5228 5228 5230 5230 
5233 5233 5233 5234 5234 5235 5236 5237 5240 5244 
5245 5246 5246 5247 5248 5249 5251 5251 5251 5253 
5253 5254 5256 5256 5257 5259 5259 5260 5260 5260 
5261 5262 5262 5263 5263 5263 5264 5264 5268 5268 
5270 5270 5271 5271 5272 5273 5276 5279 5280 5281 
5281 5282 5282 5283 5284 5285 5285 5286 5286 5286 
5287 5288 5288 5288 5289 5290 5291 5291 5291 5292 
5293 5294 5294 5295 5296 5296 5299 5303 5304 5304 
5305 5306 5308 5308 5308 5309 5310 5310 5315 5317 
5318 5318 5319 5319 5320 5320 5320 5323 5323 5326 
5327 5327 5329 5329 5329 5330 5334 5334 5338 5338 
5338 5339 5339 5340 5340 5341 5342 5343 5343 5344 
5344 5344 5345 5345 5348 5349 5350 5351 5351 5351 
5352 5353 5353 5353 5354 5354 5356 5359 5362 5363 
5364 5364 5364 5365 5365 5367 5367 5369 5371 5371 
5372 5372 5373 5373 5374 5374 5376 5376 5377 5378 
5378 5380 5381 5382 5382 5384 5385 5387 5387 5387 
5388 5388 5389 5391 5391 5393 5394 5395 5396 5397 
5398 5398 5399 5399 5403 5403 5403 5404 5405 5408 
5408 5408 5409 5409 5410 5412 5415 5416 5417 5419 
5419 5419 5419 5420 5421 5421 5425 5426 5430 5431 
5433 5433 5434 5434 5435 5435 5436 5437 5442 5442 
5444 5445 5446 5449 5450 5451 5454 5456 5456 5456 
5457 5457 5458 5458 5460 5462 5463 5463 5464 5464 
5464 5466 5467 5467 5469 5470 5472 5472 5475 5475 
5475 5476 5476 5482 5482 5483 5486 5486 5488 5488 
5488 5489 5489 5490 5492 5493 5493 5495 5496 5497 
5497 5499 5499 5499 5500 5500 5500 5503 5503 5503 
5503 5503 5505 5505 5506 5507 5509 5509 5509 5510 
5512 5513 5513 5514 5516 5517 5518 5520 5521 5523 
5525 5528 5529 5529 5533 5533 5534 5535 5537 5538 
5539 5541 5541 5541 5541 5543 5544 5544 5545 5546 
5546 5548 5548 5549 5552 5554 5556 5561 5562 5562 
5565 5566 5568 5569 5570 5570 5572 5572 5573 5576 
5577 5577 5578 5578 5579 5579 5579 5579 5580 5581 
5581 5582 5582 5583 5585 5586 5587 5588 5589 5589 
5591 5591 5592 5598 5598 5599 5599 5601 5601 5602 
5605 5605 5607 5609 5609 5610 5611 5611 5612 5612 
5614 5614 5615 5616 5617 5618 5619 5619 5620 5620 
5621 5621 5622 5623 5624 5624 5625 5627 5628 5629 
5629 5633 5633 5634 5634 5635 5635 5639 5639 5640 
5642 5644 5644 5645 5646 5647 5648 5649 5650 5653 
5654 5654 5655 5658 5659 5659 5660 5661 5662 5663 
5663 5664 5664 5667 5669 5672 5673 5673 5674 5676 
5677 5677 5680 5680 5680 5680 5681 5682 5682 5683 
5687 5688 5689 5690 5692 5692 5694 5694 5695 5695 
5696 5696 5696 5699 5700 5702 5702 5702 5704 5704 
5705 5705 5705 5705 5706 5707 5709 5709 5709 5710 
5712 5712 5712 5713 5713 5714 5714 5715 5715 5716 
5716 5716 5716 5720 5721 5721 5725 5726 5726 5726 
5726 5728 5729 5729 5731 5732 5733 5735 5735 5736 
5736 5736 5737 5741 5742 5742 5742 5743 5744 5744 
5744 5745 5745 5745 5746 5747 5747 5750 5752 5752 
5754 5755 5756 5756 5757 5760 5760 5762 5764 5764 
5764 5766 5768 5768 5769 5769 5769 5769 5769 5770 
5771 5773 5774 5775 5776 5776 5778 5781 5783 5783 
5784 5786 5788 5792 5793 5793 5793 5794 5794 5795 
5795 5797 5797 5798 5798 5800 5800 5801 5801 5802 
5804 5805 5806 5810 5810 5813 5813 5818 5819 5819 
5821 5821 5822 5823 5823 5824 5827 5829 5830 5832 
5832 5832 5835 5837 5840 5840 5840 5841 5841 5843 
5844 5845 5847 5849 5849 5850 5850 5850 5851 5853 
5853 5855 5855 5855 5856 5856 5857 5857 5857 5858 
5861 5862 5863 5863 5865 5865 5865 5865 5866 5868 
5868 5869 5869 5870 5872 5874 5874 5876 5876 5877 
5878 5879 5879 5880 5880 5881 5882 5882 5882 5883 
5885 5885 5887 5888 5888 5888 5889 5889 5895 5896 
5896 5897 5898 5898 5899 5900 5901 5902 5903 5904 
5905 5908 5909 5909 5910 5912 5912 5912 5913 5916 
5916 5917 5919 5919 5920 5922 5923 5923 5923 5923 
5924 5924 5924 5925 5928 5930 5931 5932 5935 5935 
5935 5936 5936 5937 5937 5941 5943 5945 5948 5948 
5951 5951 5955 5957 5958 5958 5960 5963 5963 5965 
5966 5967 5968 5968 5968 5971 5971 5973 5974 5978 
5979 5981 5981 5983 5983 5983 5983 5984 5985 5985 
5986 5988 5988 5988 5991 5992 5992 5993 5996 5996 
5996 5997 5997 5999 6000 6000 6001 6002 6002 6004 
6005 6006 6006 6007 6008 6009 6009 6011 6015 6016 
6016 6017 6018 6019 6019 6019 6020 6021 6022 6024 
6025 6027 6027 6027 6028 6028 6029 6031 6031 6031 
6031 6033 6035 6038 6038 6039 6040 6042 6045 6046 
6050 6051 6052 6053 6054 6055 6055 6056 6057 6064 
6067 6068 6069 6071 6071 6071 6071 6071 6072 6072 
6073 6074 6075 6076 6076 6077 6078 6079 6080 6082 
6082 6082 6085 6086 6086 6086 6090 6091 6092 6094 
6095 6097 6097 6098 6098 6100 6102 6102 6105 6106 
6107 6109 6110 6112 6113 6115 6115 6119 6120 6121 
6122 6122 6123 6124 6126 6126 6129 6130 6133 6134 
6134 6135 6135 6136 6138 6139 6141 6141 6141 6142 
6144 6144 6147 6149 6149 6151 6155 6156 6156 6157 
6157 6157 6158 6158 6160 6161 6161 6163 6165 6165 
6165 6167 6167 6168 6168 6169 6170 6171 6171 6174 
6174 6174 6175 6175 6176 6176 6180 6181 6181 6182 
6183 6184 6187 6187 6187 6189 6190 6190 6191 6191 
6192 6194 6195 6198 6199 6201 6203 6206 6207 6207 
6207 6207 6208 6208 6210 6210 6211 6213 6215 6215 
6215 6215 6216 6218 6219 6220 6220 6221 6222 6222 
6224 6224 6225 6226 6227 6228 6228 6229 6229 6231 
6232 6233 6234 6234 6235 6236 6238 6239 6239 6239 
6240 6241 6242 6242 6243 6244 6247 6251 6256 6256 
6256 6257 6258 6258 6259 6262 6265 6265 6266 6271 
6271 6271 6275 6275 6276 6277 6279 6281 6285 6286 
6287 6287 6289 6289 6290 6291 6292 6295 6295 6295 
6297 6297 6298 6299 6299 6302 6303 6304 6304 6304 
6308 6308 6308 6309 6309 6309 6310 6310 6311 6311 
6311 6312 6313 6313 6313 6316 6317 6318 6318 6320 
6320 6321 6321 6323 6324 6331 6331 6331 6331 6332 
6333 6334 6335 6335 6336 6337 6337 6337 6339 6340 
6341 6342 6342 6342 6343 6344 6344 6346 6347 6347 
6347 6349 6352 6356 6356 6357 6357 6357 6357 6359 
6360 6360 6362 6362 6368 6369 6370 6370 6370 6372 
6375 6375 6376 6377 6378 6378 6378 6380 6380 6383 
6383 6383 6383 6384 6386 6387 6388 6389 6390 6393 
6394 6396 6396 6396 6399 6401 6402 6402 6402 6404 
6404 6404 6404 6405 6408 6408 6408 6408 6411 6411 
6411 6415 6415 6416 6417 6418 6420 6422 6424 6426 
6426 6427 6427 6428 6428 6428 6429 6430 6430 6431 
6432 6433 6433 6434 6436 6437 6437 6438 6438 6439 
6440 6440 6441 6442 6443 6444 6445 6446 6446 6448 
6449 6449 6451 6454 6458 6463 6466 6466 6466 6467 
6468 6471 6475 6479 6482 6483 6483 6483 6484 6485 
6485 6485 6488 6488 6490 6490 6491 6494 6495 6495 
6498 6499 6499 6504 6504 6504 6505 6507 6508 6509 
6509 6510 6510 6511 6513 6513 6516 6516 6518 6519 
6519 6520 6520 6520 6520 6520 6520 6520 6521 6522 
6525 6525 6526 6526 6532 6533 6533 6536 6538 6538 
6539 6540 6540 6540 6542 6542 6542 6543 6543 6543 
6544 6544 6547 6551 6552 6553 6554 6555 6555 6555 
6556 6559 6561 6561 6561 6563 6564 6565 6565 6565 
6565 6568 6569 6570 6571 6571 6572 6572 6573 6574 
6574 6574 6575 6575 6576 6576 6577 6578 6578 6579 
6579 6580 6581 6581 6582 6582 6583 6583 6583 6584 
6584 6584 6585 6587 6587 6587 6588 6588 6590 6590 
6591 6591 6592 6593 6595 6596 6596 6597 6597 6599 
6600 6600 6602 6603 6605 6605 6606 6607 6608 6609 
6610 6610 6610 6612 6612 6613 6613 6614 6614 6614 
6615 6615 6616 6617 6617 6618 6620 6621 6622 6622 
6624 6626 6627 6629 6631 6633 6633 6637 6638 6639 
6639 6639 6643 6643 6643 6644 6644 6645 6646 6648 
6648 6649 6649 6654 6654 6658 6659 6660 6662 6663 
6663 6663 6664 6664 6668 6670 6672 6672 6672 6672 
6672 6674 6675 6678 6679 6679 6681 6681 6683 6684 
6684 6685 6686 6686 6691 6691 6692 6692 6692 6693 
6696 6697 6697 6699 6699 6700 6700 6702 6703 6704 
6704 6704 6706 6708 6708 6709 6710 6710 6711 6711 
6711 6712 6715 6715 6717 6717 6717 6718 6719 6720 
6720 6725 6726 6726 6727 6727 6727 6727 6727 6733 
6733 6734 6736 6737 6737 6737 6738 6738 6739 6739 
6741 6742 6743 6743 6744 6744 6744 6745 6746 6746 
6746 6747 6748 6748 6749 6749 6749 6749 6751 6752 
6752 6755 6756 6756 6757 6757 6758 6759 6759 6759 
6760 6760 6760 6762 6763 6764 6768 6769 6770 6770 
6770 6774 6775 6778 6779 6781 6782 6783 6784 6785 
6787 6787 6788 6790 6790 6793 6793 6793 6796 6796 
6797 6797 6798 6799 6799 6799 6800 6800 6800 6802 
6802 6802 6802 6803 6803 6805 6806 6808 6809 6810 
6810 6811 6811 6812 6812 6814 6814 6817 6817 6818 
6819 6820 6820 6822 6823 6826 6826 6827 6827 6828 
6828 6828 6834 6835 6836 6837 6838 6838 6838 6839 
6840 6841 6841 6843 6845 6847 6848 6849 6850 6853 
6853 6853 6854 6855 6857 6857 6857 6857 6859 6860 
6860 6860 6861 6861 6862 6862 6865 6865 6866 6866 
6867 6868 6868 6869 6870 6870 6871 6871 6874 6874 
6874 6875 6875 6876 6876 6877 6878 6880 6881 6883 
6883 6884 6884 6887 6887 6888 6888 6890 6891 6891 
6891 6891 6892 6894 6894 6894 6895 6895 6896 6896 
6897 6898 6899 6899 6900 6901 6902 6903 6903 6905 
6905 6905 6906 6906 6906 6907 6907 6907 6907 6908 
6909 6910 6910 6910 6912 6914 6916 6917 6918 6918 
6919 6920 6921 6923 6924 6924 6924 6925 6926 6928 
6930 6932 6933 6933 6935 6935 6936 6937 6937 6938 
6939 6939 6940 6940 6941 6944 6946 6946 6949 6950 
6951 6953 6954 6954 6955 6956 6957 6957 6959 6960 
6960 6961 6962 6962 6962 6965 6968 6971 6973 6974 
6975 6980 6980 6981 6981 6982 6983 6984 6984 6987 
6988 6989 6989 6991 6992 6992 6993 6994 6994 6995 
6997 6998 6998 6998 7000 7000 7001 7002 7002 7003 
7008 7008 7008 7012 7013 7014 7016 7016 7018 7019 
7019 7020 7020 7021 7021 7021 7022 7022 7022 7023 
7025 7026 7026 7027 7027 7027 7028 7029 7031 7032 
7032 7033 7034 7036 7038 7040 7041 7041 7041 7044 
7045 7046 7047 7048 7048 7048 7050 7051 7052 7054 
7058 7060 7060 7060 7060 7062 7062 7062 7065 7065 
7066 7067 7067 7070 7071 7071 7071 7072 7073 7074 
7078 7081 7081 7082 7083 7083 7084 7085 7085 7086 
7086 7089 7091 7092 7092 7092 7092 7093 7094 7094 
7094 7095 7096 7097 7097 7098 7098 7099 7100 7101 
7102 7103 7105 7106 7106 7106 7107 7108 7108 7110 
7110 7112 7112 7113 7113 7114 7116 7119 7119 7119 
7120 7121 7125 7125 7125 7126 7127 7128 7128 7129 
7131 7133 7134 7135 7137 7137 7146 7146 7147 7148 
7148 7149 7150 7153 7153 7156 7156 7159 7161 7163 
7164 7167 7170 7171 7172 7173 7176 7176 7177 7177 
7178 7182 7182 7182 7184 7184 7184 7185 7186 7187 
7188 7188 7189 7189 7189 7191 7192 7192 7192 7194 
7195 7195 7196 7196 7200 7201 7202 7203 7203 7204 
7204 7204 7207 7207 7210 7211 7211 7212 7214 7216 
7217 7218 7218 7218 7219 7219 7220 7220 7221 7222 
7224 7226 7226 7226 7229 7229 7229 7230 7230 7230 
7232 7234 7236 7238 7239 7239 7240 7240 7241 7243 
7243 7245 7245 7245 7246 7247 7248 7249 7249 7250 
7253 7254 7258 7258 7259 7260 7262 7264 7266 7267 
7267 7269 7271 7273 7273 7274 7274 7274 7275 7276 
7280 7282 7285 7285 7285 7288 7288 7290 7291 7293 
7295 7295 7297 7299 7299 7299 7302 7303 7304 7306 
7308 7309 7309 7316 7318 7318 7320 7320 7321 7322 
7322 7322 7325 7326 7327 7327 7327 7329 7329 7330 
7330 7331 7331 7333 7333 7335 7337 7342 7342 7343 
7346 7346 7347 7348 7352 7353 7353 7357 7358 7359 
7361 7362 7362 7363 7363 7363 7364 7364 7365 7365 
7366 7367 7368 7369 7370 7370 7370 7372 7372 7373 
7373 7373 7374 7375 7378 7380 7381 7381 7384 7385 
7386 7386 7387 7389 7389 7391 7391 7392 7392 7392 
7392 7393 7394 7396 7396 7396 7398 7398 7399 7399 
7399 7405 7408 7409 7409 7412 7415 7416 7417 7418 
7419 7421 7422 7422 7424 7424 7426 7428 7430 7432 
7432 7432 7433 7433 7433 7436 7436 7436 7437 7439 
7439 7440 7441 7441 7442 7442 7443 7444 7444 7444 
7445 7446 7449 7449 7452 7453 7456 7457 7458 7458 
7460 7460 7461 7461 7462 7462 7463 7465 7465 7468 
7470 7471 7472 7476 7477 7478 7478 7479 7479 7480 
7481 7482 7482 7484 7484 7486 7488 7489 7490 7490 
7491 7491 7491 7492 7495 7495 7496 7497 7498 7499 
7501 7502 7502 7502 7502 7503 7505 7506 7507 7508 
7508 7509 7511 7511 7512 7513 7517 7518 7519 7522 
7522 7524 7525 7525 7527 7528 7528 7529 7530 7530 
7532 7533 7534 7535 7535 7535 7536 7536 7539 7540 
7541 7542 7542 7542 7543 7545 7545 7547 7549 7549 
7551 7551 7552 7552 7553 7555 7556 7556 7558 7558 
7559 7559 7560 7561 7562 7562 7562 7563 7563 7565 
7565 7565 7565 7566 7566 7566 7566 7567 7567 7567 
7569 7570 7574 7574 7574 7578 7579 7579 7580 7581 
7586 7588 7588 7588 7589 7590 7591 7593 7594 7597 
7597 7597 7598 7598 7599 7601 7602 7604 7605 7606 
7607 7608 7608 7608 7612 7613 7614 7614 7614 7615 
7617 7617 7617 7617 7617 7620 7622 7623 7623 7625 
7625 7627 7627 7627 7627 7628 7628 7628 7629 7629 
7630 7631 7632 7633 7636 7637 7637 7638 7638 7638 
7639 7641 7641 7643 7643 7644 7646 7647 7649 7649 
7650 7651 7652 7654 7654 7656 7657 7657 7658 7659 
7662 7662 7663 7664 7664 7666 7668 7671 7671 7672 
7672 7673 7673 7673 7674 7674 7675 7675 7675 7676 
7676 7677 7677 7678 7679 7682 7683 7685 7686 7687 
7688 7688 7688 7690 7690 7691 7691 7694 7694 7694 
7695 7695 7695 7697 7697 7698 7698 7700 7700 7701 
7702 7702 7704 7704 7705 7705 7708 7709 7709 7710 
7711 7712 7713 7714 7714 7716 7716 7717 7717 7719 
7720 7721 7724 7724 7726 7727 7728 7728 7729 7730 
7731 7731 7735 7736 7736 7737 7741 7741 7742 7743 
7744 7744 7748 7748 7750 7751 7753 7754 7756 7758 
7759 7760 7760 7762 7762 7763 7763 7764 7764 7765 
7766 7769 7772 7772 7773 7774 7775 7777 7777 7778 
7779 7781 7781 7782 7782 7783 7785 7785 7787 7787 
7790 7790 7790 7793 7794 7795 7795 7796 7797 7798 
7799 7801 7804 7806 7807 7808 7810 7810 7811 7811 
7812 7813 7815 7816 7816 7819 7819 7819 7822 7824 
7825 7826 7827 7829 7829 7829 7830 7833 7834 7836 
7836 7837 7837 7839 7839 7839 7841 7842 7842 7842 
7842 7843 7843 7844 7845 7845 7845 7847 7847 7849 
7850 7850 7851 7852 7853 7853 7853 7854 7855 7855 
7855 7856 7858 7861 7861 7862 7863 7863 7864 7868 
7871 7873 7874 7874 7876 7876 7879 7879 7880 7882 
7887 7887 7887 7888 7891 7891 7891 7892 7892 7892 
7892 7893 7894 7895 7896 7897 7897 7900 7900 7901 
7902 7903 7904 7906 7906 7908 7908 7909 7910 7911 
7911 7911 7913 7914 7916 7916 7917 7917 7918 7918 
7919 7919 7920 7923 7924 7925 7925 7926 7926 7928 
7928 7928 7928 7929 7929 7932 7935 7935 7937 7938 
7939 7940 7941 7943 7943 7945 7946 7946 7946 7947 
7950 7950 7952 7953 7953 7954 7955 7956 7957 7957 
7959 7960 7961 7962 7962 7962 7963 7964 7966 7967 
7968 7970 7975 7976 7977 7978 7978 7980 7980 7982 
7982 7983 7984 7984 7988 7989 7991 7993 7996 7997 
7997 7997 7998 7999 7999 7999 7999 8002 8003 8005 
8007 8007 8009 8011 8011 8012 8012 8012 8014 8014 
8014 8015 8016 8017 8020 8020 8024 8024 8027 8027 
8027 8028 8029 8030 8030 8031 8033 8034 8036 8037 
8040 8042 8042 8042 8043 8044 8046 8047 8048 8050 
8051 8052 8052 8053 8053 8054 8054 8056 8057 8057 
8057 8058 8058 8059 8059 8060 8064 8065 8065 8066 
8066 8067 8067 8068 8068 8068 8069 8073 8074 8076 
8077 8077 8077 8078 8078 8080 8082 8083 8083 8084 
8084 8085 8087 8089 8091 8093 8093 8095 8095 8097 
8098 8098 8101 8102 8103 8105 8105 8105 8106 8107 
8107 8108 8109 8110 8110 8111 8112 8113 8114 8116 
8117 8119 8121 8122 8124 8124 8125 8126 8127 8127 
8128 8129 8130 8134 8135 8136 8136 8136 8137 8138 
8138 8139 8139 8140 8141 8142 8142 8142 8142 8143 
8143 8144 8144 8145 8146 8146 8147 8148 8149 8149 
8150 8151 8152 8153 8155 8155 8155 8155 8156 8157 
8161 8161 8161 8161 8163 8165 8167 8167 8167 8167 
8168 8168 8169 8171 8171 8171 8172 8172 8173 8173 
8174 8175 8176 8177 8179 8180 8180 8181 8183 8183 
8184 8185 8186 8187 8188 8188 8190 8191 8191 8192 
8193 8194 8195 8195 8196 8197 8199 8200 8200 8200 
8203 8203 8204 8205 8205 8205 8206 8206 8206 8208 
8209 8211 8212 8212 8212 8214 8215 8215 8223 8224 
8225 8225 8226 8228 8229 8231 8232 8232 8233 8234 
8235 8239 8240 8240 8240 8241 8243 8244 8246 8246 
8247 8249 8250 8251 8253 8255 8258 8258 8258 8259 
8259 8260 8261 8261 8262 8265 8265 8266 8266 8268 
8268 8270 8270 8271 8272 8274 8274 8275 8276 8276 
8277 8279 8279 8280 8280 8281 8283 8283 8283 8284 
8284 8285 8285 8286 8288 8288 8290 8292 8293 8294 
8297 8297 8298 8298 8299 8299 8300 8301 8304 8304 
8306 8306 8307 8308 8309 8311 8312 8312 8312 8313 
8313 8313 8314 8317 8317 8318 8318 8319 8320 8320 
8323 8323 8323 8324 8325 8329 8330 8330 8332 8333 
8334 8336 8337 8337 8337 8337 8338 8339 8341 8343 
8345 8345 8346 8349 8349 8351 8351 8352 8352 8352 
8353 8354 8358 8360 8360 8364 8365 8366 8366 8368 
8370 8371 8371 8372 8375 8379 8382 8383 8388 8392 
8392 8393 8393 8394 8394 8399 8400 8401 8401 8403 
8404 8404 8405 8405 8406 8406 8407 8408 8411 8412 
8412 8413 8414 8414 8415 8416 8417 8419 8419 8419 
8420 8421 8421 8421 8422 8427 8428 8429 8430 8431 
8431 8431 8432 8434 8435 8436 8438 8439 8439 8439 
8443 8443 8444 8448 8449 8450 8452 8455 8455 8457 
8460 8460 8461 8461 8461 8463 8463 8464 8464 8467 
8467 8467 8467 8469 8470 8471 8472 8472 8475 8476 
8479 8479 8479 8480 8482 8484 8485 8485 8486 8488 
8488 8490 8490 8490 8490 8491 8493 8494 8495 8496 
8498 8498 8500 8501 8503 8504 8504 8507 8508 8508 
8509 8510 8510 8512 8513 8513 8515 8516 8518 8520 
8520 8521 8522 8522 8523 8523 8524 8526 8526 8527 
8527 8528 8528 8535 8535 8535 8536 8536 8536 8537 
8538 8538 8540 8541 8546 8546 8547 8551 8553 8555 
8555 8556 8556 8556 8558 8558 8559 8560 8560 8561 
8561 8561 8562 8563 8563 8564 8564 8565 8567 8567 
8568 8569 8570 8570 8572 8572 8572 8574 8574 8578 
8578 8578 8579 8583 8583 8587 8587 8590 8590 8590 
8590 8591 8591 8592 8592 8592 8593 8593 8594 8595 
8596 8597 8598 8598 8598 8600 8601 8601 8601 8604 
8605 8606 8607 8609 8610 8611 8611 8612 8612 8614 
8615 8615 8616 8617 8618 8619 8619 8621 8623 8623 
8623 8623 8626 8627 8629 8629 8630 8632 8632 8633 
8635 8638 8639 8639 8639 8644 8644 8645 8646 8646 
8647 8648 8649 8650 8652 8655 8656 8657 8658 8658 
8658 8659 8660 8666 8667 8667 8670 8672 8674 8674 
8674 8675 8677 8677 8677 8678 8679 8679 8681 8681 
8682 8684 8684 8685 8688 8690 8692 8692 8693 8694 
8695 8695 8696 8697 8698 8700 8701 8702 8702 8704 
8704 8705 8705 8705 8706 8708 8709 8711 8715 8715 
8716 8716 8717 8718 8718 8719 8720 8720 8720 8721 
8722 8723 8724 8725 8725 8727 8729 8731 8732 8732 
8732 8732 8736 8736 8737 8737 8738 8738 8738 8739 
8739 8739 8740 8741 8742 8742 8742 8742 8743 8744 
8745 8747 8747 8748 8748 8748 8748 8748 8749 8750 
8751 8752 8752 8753 8754 8755 8758 8759 8760 8761 
8762 8762 8762 8763 8763 8763 8766 8768 8769 8769 
8770 8771 8772 8773 8774 8774 8775 8775 8775 8779 
8779 8782 8783 8783 8784 8785 8785 8787 8787 8789 
8790 8790 8790 8791 8791 8792 8793 8793 8794 8795 
8795 8799 8799 8800 8802 8803 8803 8805 8806 8806 
8806 8809 8809 8811 8813 8814 8816 8817 8817 8818 
8819 8820 8821 8822 8823 8823 8824 8826 8827 8829 
8831 8831 8834 8834 8836 8837 8839 8839 8840 8840 
8841 8842 8843 8844 8844 8845 8847 8848 8852 8853 
8853 8854 8854 8859 8860 8860 8863 8864 8865 8866 
8867 8867 8868 8868 8869 8871 8871 8871 8873 8873 
8874 8874 8875 8877 8878 8879 8879 8883 8883 8883 
8884 8885 8887 8888 8891 8892 8893 8893 8894 8894 
8894 8895 8896 8897 8898 8898 8899 8899 8899 8901 
8901 8901 8901 8902 8902 8902 8903 8905 8905 8905 
8906 8909 8910 8911 8911 8911 8912 8913 8914 8915 
8917 8917 8918 8920 8921 8925 8925 8926 8927 8927 
8929 8929 8929 8930 8931 8933 8933 8934 8934 8935 
8935 8935 8937 8942 8942 8942 8942 8943 8944 8944 
8945 8945 8946 8946 8946 8947 8948 8948 8949 8951 
8951 8952 8952 8952 8953 8955 8955 8955 8957 8957 
8957 8958 8962 8964 8965 8966 8966 8966 8968 8968 
8968 8968 8969 8970 8970 8971 8971 8971 8971 8972 
8973 8974 8974 8975 8975 8976 8977 8978 8979 8979 
8981 8981 8982 8982 8983 8986 8986 8987 8989 8989 
8991 8993 8994 8995 8995 8996 8997 8998 8999 8999 
9000 9002 9003 9004 9005 9005 9006 9009 9010 9011 
9011 9012 9012 9015 9015 9015 9016 9016 9016 9016 
9016 9017 9018 9020 9020 9021 9022 9022 9023 9023 
9025 9026 9026 9027 9028 9028 9028 9029 9029 9029 
9029 9029 9030 9030 9031 9032 9032 9032 9032 9034 
9036 9037 9037 9038 9038 9039 9041 9041 9043 9046 
9046 9050 9050 9051 9051 9052 9052 9052 9053 9056 
9058 9059 9060 9060 9062 9063 9063 9064 9064 9066 
9066 9067 9067 9067 9068 9070 9072 9074 9076 9077 
9079 9080 9083 9085 9086 9087 9089 9090 9091 9091 
9092 9093 9094 9095 9095 9096 9097 9097 9099 9099 
9100 9100 9102 9102 9103 9103 9104 9104 9104 9104 
9104 9105 9105 9106 9106 9107 9111 9113 9113 9114 
9115 9116 9116 9117 9117 9118 9119 9120 9122 9123 
9123 9124 9124 9126 9126 9126 9127 9128 9128 9132 
9134 9134 9135 9142 9144 9150 9150 9151 9153 9155 
9155 9156 9157 9157 9158 9158 9158 9159 9160 9162 
9162 9164 9165 9165 9167 9171 9171 9172 9173 9173 
9175 9176 9177 9177 9177 9179 9180 9180 9184 9187 
9188 9189 9189 9189 9189 9190 9191 9191 9192 9193 
9194 9194 9194 9194 9195 9197 9198 9199 9201 9203 
9204 9205 9205 9205 9207 9207 9207 9207 9208 9208 
9208 9210 9210 9211 9211 9212 9213 9215 9216 9216 
9217 9218 9218 9220 9222 9226 9227 9228 9229 9230 
9230 9230 9231 9231 9232 9234 9235 9235 9235 9235 
9236 9236 9237 9237 9238 9240 9242 9242 9242 9243 
9245 9247 9247 9248 9250 9254 9255 9256 9256 9257 
9258 9262 9262 9263 9264 9264 9265 9266 9267 9268 
9268 9269 9269 9270 9271 9271 9272 9273 9273 9274 
9276 9276 9280 9281 9282 9282 9283 9283 9285 9286 
9286 9286 9286 9287 9288 9289 9289 9290 9291 9293 
9295 9296 9297 9298 9298 9298 9301 9302 9304 9308 
9308 9308 9309 9309 9309 9309 9313 9314 9314 9318 
9322 9325 9326 9327 9327 9328 9330 9330 9330 9332 
9332 9333 9333 9333 9334 9335 9335 9337 9337 9338 
9339 9339 9341 9341 9342 9342 9343 9345 9346 9346 
9346 9353 9354 9354 9354 9355 9355 9357 9358 9359 
9361 9362 9362 9363 9363 9366 9367 9367 9372 9372 
9373 9376 9376 9377 9377 9378 9378 9378 9380 9381 
9382 9382 9386 9387 9387 9387 9388 9390 9391 9391 
9391 9391 9391 9392 9393 9393 9394 9395 9398 9398 
9399 9400 9400 9401 9401 9403 9406 9406 9406 9407 
9408 9408 9410 9412 9412 9414 9416 9416 9419 9419 
9420 9421 9423 9424 9429 9429 9429 9431 9431 9431 
9431 9436 9439 9439 9440 9441 9441 9442 9442 9446 
9446 9446 9446 9447 9448 9450 9450 9451 9452 9452 
9453 9454 9454 9455 9455 9457 9459 9459 9460 9461 
9464 9464 9465 9466 9467 9470 9470 9472 9474 9476 
9477 9478 9480 9481 9483 9483 9483 9483 9484 9484 
9484 9485 9485 9485 9486 9486 9486 9487 9488 9488 
9489 9490 9490 9490 9491 9492 9494 9495 9496 9496 
9498 9499 9500 9501 9503 9503 9503 9503 9505 9506 
9508 9512 9513 9513 9519 9519 9520 9521 9522 9523 
9523 9524 9524 9529 9529 9530 9530 9532 9532 9536 
9536 9536 9537 9538 9538 9540 9541 9541 9547 9547 
9547 9547 9547 9549 9550 9553 9554 9554 9554 9555 
9555 9556 9557 9557 9557 9559 9560 9560 9562 9562 
9562 9563 9564 9567 9569 9569 9570 9572 9572 9573 
9573 9574 9574 9577 9577 9578 9580 9580 9583 9583 
9587 9587 9588 9594 9595 9597 9597 9598 9598 9598 
9599 9600 9600 9600 9601 9601 9602 9602 9602 9604 
9604 9605 9606 9606 9607 9607 9608 9613 9614 9614 
9614 9616 9617 9621 9621 9621 9622 9624 9624 9625 
9626 9630 9631 9632 9632 9632 9633 9634 9636 9636 
9637 9639 9640 9640 9640 9641 9642 9643 9644 9644 
9645 9645 9647 9648 9648 9649 9650 9653 9653 9653 
9654 9655 9655 9655 9656 9656 9658 9661 9661 9664 
9664 9665 9665 9667 9668 9669 9670 9671 9672 9676 
9677 9677 9677 9678 9679 9679 9679 9680 9680 9680 
9680 9680 9680 9683 9685 9686 9686 9686 9687 9687 
9688 9689 9694 9694 9699 9699 9700 9701 9702 9704 
9705 9705 9708 9709 9709 9710 9711 9711 9712 9712 
9712 9714 9715 9715 9716 9716 9717 9717 9717 9718 
9718 9721 9721 9721 9723 9723 9725 9725 9727 9729 
9729 9731 9732 9733 9735 9736 9736 9740 9740 9740 
9740 9741 9742 9742 9742 9744 9746 9746 9748 9748 
9749 9750 9751 9751 9753 9753 9753 9754 9754 9754 
9756 9759 9761 9761 9767 9767 9768 9769 9771 9772 
9772 9773 9773 9773 9773 9774 9776 9777 9777 9779 
9780 9781 9782 9782 9782 9784 9785 9785 9786 9788 
9788 9789 9789 9790 9790 9792 9793 9797 9797 9799 
9799 9802 9803 9804 9806 9807 9809 9809 9809 9809 
9809 9810 9810 9811 9813 9814 9815 9817 9817 9819 
9819 9820 9821 9821 9823 9824 9824 9827 9827 9828 
9831 9831 9832 9832 9832 9832 9834 9834 9836 9837 
9837 9837 9840 9841 9842 9843 9845 9845 9846 9850 
9850 9850 9851 9852 9853 9855 9856 9857 9858 9858 
9860 9862 9863 9863 9864 9864 9865 9865 9866 9866 
9872 9874 9875 9875 9877 9878 9880 9880 9881 9881 
9882 9882 9883 9883 9884 9884 9885 9885 9886 9886 
9890 9890 9890 9893 9895 9895 9896 9897 9897 9897 
9898 9899 9899 9900 9902 9903 9904 9904 9905 9905 
9906 9907 9911 9911 9911 9911 9913 9918 9919 9920 
9920 9924 9926 9927 9928 9929 9929 9930 9930 9933 
9933 9933 9933 9934 9934 9934 9935 9936 9936 9938 
9938 9940 9941 9941 9942 9946 9946 9947 9949 9955 
9956 9956 9956 9957 9957 9959 9960 9960 9962 9963 
9964 9965 9966 9966 9966 9968 9969 9971 9975 9975 
9976 9977 9978 9979 9979 9980 9981 9982 9983 9985 
9987 9987 9988 9988 9989 9991 9994 9995 9995 9997 
9997 9997 9998 9998 9999 9999 9999 9999 9999 
