bubble_unique_10000.txt datasize: 10000: 3 3 3 3 3 22 22 22 22 22 22 
22 22 22 22 25 25 25 25 25 28 
28 28 28 28 38 38 38 38 38 39 
39 39 39 39 39 39 39 39 39 44 
44 44 44 44 46 46 46 46 46 46 
46 46 46 46 47 47 47 47 47 47 
47 47 47 47 50 50 50 50 50 53 
53 53 53 53 53 53 53 53 53 57 
57 57 57 57 57 57 57 57 57 74 
74 74 74 74 74 74 74 74 74 76 
76 76 76 76 84 84 84 84 84 88 
88 88 88 88 98 98 98 98 98 102 
102 102 102 102 103 103 103 103 103 108 
108 108 108 108 109 109 109 109 109 111 
111 111 111 111 135 135 135 135 135 157 
157 157 157 157 157 157 157 157 157 164 
164 164 164 164 165 165 165 165 165 169 
169 169 169 169 170 170 170 170 170 170 
170 170 170 170 176 176 176 176 176 180 
180 180 180 180 182 182 182 182 182 204 
204 204 204 204 208 208 208 208 208 224 
224 224 224 224 229 229 229 229 229 230 
230 230 230 230 238 238 238 238 238 239 
239 239 239 239 252 252 252 252 252 259 
259 259 259 259 270 270 270 270 270 274 
274 274 274 274 283 283 283 283 283 283 
283 283 283 283 285 285 285 285 285 288 
288 288 288 288 307 307 307 307 307 315 
315 315 315 315 320 320 320 320 320 326 
326 326 326 326 329 329 329 329 329 339 
339 339 339 339 345 345 345 345 345 350 
350 350 350 350 352 352 352 352 352 355 
355 355 355 355 355 355 355 355 355 361 
361 361 361 361 362 362 362 362 362 363 
363 363 363 363 370 370 370 370 370 373 
373 373 373 373 375 375 375 375 375 377 
377 377 377 377 381 381 381 381 381 382 
382 382 382 382 383 383 383 383 383 389 
389 389 389 389 392 392 392 392 392 400 
400 400 400 400 412 412 412 412 412 413 
413 413 413 413 414 414 414 414 414 420 
420 420 420 420 424 424 424 424 424 426 
426 426 426 426 427 427 427 427 427 431 
431 431 431 431 432 432 432 432 432 434 
434 434 434 434 436 436 436 436 436 444 
444 444 444 444 447 447 447 447 447 454 
454 454 454 454 463 463 463 463 463 465 
465 465 465 465 474 474 474 474 474 477 
477 477 477 477 487 487 487 487 487 496 
496 496 496 496 512 512 512 512 512 515 
515 515 515 515 540 540 540 540 540 540 
540 540 540 540 555 555 555 555 555 562 
562 562 562 562 568 568 568 568 568 570 
570 570 570 570 572 572 572 572 572 576 
576 576 576 576 578 578 578 578 578 579 
579 579 579 579 580 580 580 580 580 589 
589 589 589 589 592 592 592 592 592 614 
614 614 614 614 616 616 616 616 616 618 
618 618 618 618 625 625 625 625 625 629 
629 629 629 629 640 640 640 640 640 643 
643 643 643 643 644 644 644 644 644 645 
645 645 645 645 645 645 645 645 645 654 
654 654 654 654 668 668 668 668 668 675 
675 675 675 675 678 678 678 678 678 681 
681 681 681 681 682 682 682 682 682 687 
687 687 687 687 691 691 691 691 691 696 
696 696 696 696 700 700 700 700 700 709 
709 709 709 709 715 715 715 715 715 726 
726 726 726 726 727 727 727 727 727 734 
734 734 734 734 735 735 735 735 735 738 
738 738 738 738 741 741 741 741 741 747 
747 747 747 747 763 763 763 763 763 766 
766 766 766 766 770 770 770 770 770 770 
770 770 770 770 770 770 770 770 770 774 
774 774 774 774 775 775 775 775 775 778 
778 778 778 778 778 778 778 778 778 781 
781 781 781 781 787 787 787 787 787 791 
791 791 791 791 793 793 793 793 793 800 
800 800 800 800 801 801 801 801 801 805 
805 805 805 805 812 812 812 812 812 814 
814 814 814 814 815 815 815 815 815 817 
817 817 817 817 827 827 827 827 827 828 
828 828 828 828 832 832 832 832 832 833 
833 833 833 833 835 835 835 835 835 837 
837 837 837 837 847 847 847 847 847 849 
849 849 849 849 850 850 850 850 850 855 
855 855 855 855 855 855 855 855 855 868 
868 868 868 868 868 868 868 868 868 871 
871 871 871 871 883 883 883 883 883 898 
898 898 898 898 913 913 913 913 913 917 
917 917 917 917 922 922 922 922 922 930 
930 930 930 930 935 935 935 935 935 936 
936 936 936 936 952 952 952 952 952 960 
960 960 960 960 960 960 960 960 960 964 
964 964 964 964 970 970 970 970 970 973 
973 973 973 973 987 987 987 987 987 989 
989 989 989 989 992 992 992 992 992 1003 
1003 1003 1003 1003 1006 1006 1006 1006 1006 1008 
1008 1008 1008 1008 1015 1015 1015 1015 1015 1018 
1018 1018 1018 1018 1020 1020 1020 1020 1020 1026 
1026 1026 1026 1026 1032 1032 1032 1032 1032 1032 
1032 1032 1032 1032 1033 1033 1033 1033 1033 1048 
1048 1048 1048 1048 1055 1055 1055 1055 1055 1063 
1063 1063 1063 1063 1067 1067 1067 1067 1067 1071 
1071 1071 1071 1071 1073 1073 1073 1073 1073 1074 
1074 1074 1074 1074 1075 1075 1075 1075 1075 1077 
1077 1077 1077 1077 1078 1078 1078 1078 1078 1079 
1079 1079 1079 1079 1080 1080 1080 1080 1080 1082 
1082 1082 1082 1082 1087 1087 1087 1087 1087 1099 
1099 1099 1099 1099 1102 1102 1102 1102 1102 1103 
1103 1103 1103 1103 1111 1111 1111 1111 1111 1111 
1111 1111 1111 1111 1127 1127 1127 1127 1127 1130 
1130 1130 1130 1130 1132 1132 1132 1132 1132 1142 
1142 1142 1142 1142 1161 1161 1161 1161 1161 1164 
1164 1164 1164 1164 1165 1165 1165 1165 1165 1171 
1171 1171 1171 1171 1175 1175 1175 1175 1175 1178 
1178 1178 1178 1178 1179 1179 1179 1179 1179 1182 
1182 1182 1182 1182 1190 1190 1190 1190 1190 1191 
1191 1191 1191 1191 1198 1198 1198 1198 1198 1201 
1201 1201 1201 1201 1207 1207 1207 1207 1207 1211 
1211 1211 1211 1211 1213 1213 1213 1213 1213 1219 
1219 1219 1219 1219 1222 1222 1222 1222 1222 1224 
1224 1224 1224 1224 1232 1232 1232 1232 1232 1242 
1242 1242 1242 1242 1243 1243 1243 1243 1243 1251 
1251 1251 1251 1251 1253 1253 1253 1253 1253 1256 
1256 1256 1256 1256 1257 1257 1257 1257 1257 1259 
1259 1259 1259 1259 1264 1264 1264 1264 1264 1266 
1266 1266 1266 1266 1268 1268 1268 1268 1268 1273 
1273 1273 1273 1273 1288 1288 1288 1288 1288 1290 
1290 1290 1290 1290 1302 1302 1302 1302 1302 1303 
1303 1303 1303 1303 1305 1305 1305 1305 1305 1308 
1308 1308 1308 1308 1309 1309 1309 1309 1309 1311 
1311 1311 1311 1311 1315 1315 1315 1315 1315 1319 
1319 1319 1319 1319 1329 1329 1329 1329 1329 1332 
1332 1332 1332 1332 1332 1332 1332 1332 1332 1333 
1333 1333 1333 1333 1334 1334 1334 1334 1334 1339 
1339 1339 1339 1339 1347 1347 1347 1347 1347 1358 
1358 1358 1358 1358 1358 1358 1358 1358 1358 1366 
1366 1366 1366 1366 1367 1367 1367 1367 1367 1373 
1373 1373 1373 1373 1383 1383 1383 1383 1383 1393 
1393 1393 1393 1393 1394 1394 1394 1394 1394 1397 
1397 1397 1397 1397 1399 1399 1399 1399 1399 1404 
1404 1404 1404 1404 1404 1404 1404 1404 1404 1409 
1409 1409 1409 1409 1411 1411 1411 1411 1411 1414 
1414 1414 1414 1414 1416 1416 1416 1416 1416 1419 
1419 1419 1419 1419 1419 1419 1419 1419 1419 1420 
1420 1420 1420 1420 1423 1423 1423 1423 1423 1424 
1424 1424 1424 1424 1426 1426 1426 1426 1426 1430 
1430 1430 1430 1430 1433 1433 1433 1433 1433 1444 
1444 1444 1444 1444 1450 1450 1450 1450 1450 1451 
1451 1451 1451 1451 1457 1457 1457 1457 1457 1457 
1457 1457 1457 1457 1465 1465 1465 1465 1465 1466 
1466 1466 1466 1466 1473 1473 1473 1473 1473 1488 
1488 1488 1488 1488 1495 1495 1495 1495 1495 1495 
1495 1495 1495 1495 1497 1497 1497 1497 1497 1505 
1505 1505 1505 1505 1518 1518 1518 1518 1518 1523 
1523 1523 1523 1523 1543 1543 1543 1543 1543 1545 
1545 1545 1545 1545 1546 1546 1546 1546 1546 1549 
1549 1549 1549 1549 1565 1565 1565 1565 1565 1568 
1568 1568 1568 1568 1568 1568 1568 1568 1568 1570 
1570 1570 1570 1570 1581 1581 1581 1581 1581 1584 
1584 1584 1584 1584 1586 1586 1586 1586 1586 1587 
1587 1587 1587 1587 1591 1591 1591 1591 1591 1598 
1598 1598 1598 1598 1604 1604 1604 1604 1604 1605 
1605 1605 1605 1605 1606 1606 1606 1606 1606 1611 
1611 1611 1611 1611 1613 1613 1613 1613 1613 1619 
1619 1619 1619 1619 1619 1619 1619 1619 1619 1623 
1623 1623 1623 1623 1625 1625 1625 1625 1625 1628 
1628 1628 1628 1628 1629 1629 1629 1629 1629 1632 
1632 1632 1632 1632 1633 1633 1633 1633 1633 1638 
1638 1638 1638 1638 1638 1638 1638 1638 1638 1641 
1641 1641 1641 1641 1643 1643 1643 1643 1643 1648 
1648 1648 1648 1648 1650 1650 1650 1650 1650 1657 
1657 1657 1657 1657 1657 1657 1657 1657 1657 1671 
1671 1671 1671 1671 1676 1676 1676 1676 1676 1678 
1678 1678 1678 1678 1688 1688 1688 1688 1688 1699 
1699 1699 1699 1699 1700 1700 1700 1700 1700 1702 
1702 1702 1702 1702 1708 1708 1708 1708 1708 1708 
1708 1708 1708 1708 1709 1709 1709 1709 1709 1714 
1714 1714 1714 1714 1716 1716 1716 1716 1716 1718 
1718 1718 1718 1718 1719 1719 1719 1719 1719 1722 
1722 1722 1722 1722 1723 1723 1723 1723 1723 1728 
1728 1728 1728 1728 1731 1731 1731 1731 1731 1735 
1735 1735 1735 1735 1739 1739 1739 1739 1739 1743 
1743 1743 1743 1743 1747 1747 1747 1747 1747 1752 
1752 1752 1752 1752 1752 1752 1752 1752 1752 1758 
1758 1758 1758 1758 1762 1762 1762 1762 1762 1763 
1763 1763 1763 1763 1777 1777 1777 1777 1777 1778 
1778 1778 1778 1778 1779 1779 1779 1779 1779 1782 
1782 1782 1782 1782 1782 1782 1782 1782 1782 1789 
1789 1789 1789 1789 1789 1789 1789 1789 1789 1793 
1793 1793 1793 1793 1794 1794 1794 1794 1794 1799 
1799 1799 1799 1799 1807 1807 1807 1807 1807 1817 
1817 1817 1817 1817 1822 1822 1822 1822 1822 1824 
1824 1824 1824 1824 1826 1826 1826 1826 1826 1832 
1832 1832 1832 1832 1833 1833 1833 1833 1833 1835 
1835 1835 1835 1835 1836 1836 1836 1836 1836 1838 
1838 1838 1838 1838 1851 1851 1851 1851 1851 1853 
1853 1853 1853 1853 1853 1853 1853 1853 1853 1856 
1856 1856 1856 1856 1862 1862 1862 1862 1862 1863 
1863 1863 1863 1863 1864 1864 1864 1864 1864 1864 
1864 1864 1864 1864 1866 1866 1866 1866 1866 1871 
1871 1871 1871 1871 1875 1875 1875 1875 1875 1885 
1885 1885 1885 1885 1889 1889 1889 1889 1889 1906 
1906 1906 1906 1906 1911 1911 1911 1911 1911 1913 
1913 1913 1913 1913 1913 1913 1913 1913 1913 1915 
1915 1915 1915 1915 1926 1926 1926 1926 1926 1937 
1937 1937 1937 1937 1943 1943 1943 1943 1943 1947 
1947 1947 1947 1947 1948 1948 1948 1948 1948 1956 
1956 1956 1956 1956 1979 1979 1979 1979 1979 2004 
2004 2004 2004 2004 2009 2009 2009 2009 2009 2016 
2016 2016 2016 2016 2024 2024 2024 2024 2024 2033 
2033 2033 2033 2033 2033 2033 2033 2033 2033 2039 
2039 2039 2039 2039 2050 2050 2050 2050 2050 2054 
2054 2054 2054 2054 2056 2056 2056 2056 2056 2063 
2063 2063 2063 2063 2064 2064 2064 2064 2064 2068 
2068 2068 2068 2068 2070 2070 2070 2070 2070 2078 
2078 2078 2078 2078 2081 2081 2081 2081 2081 2085 
2085 2085 2085 2085 2086 2086 2086 2086 2086 2090 
2090 2090 2090 2090 2096 2096 2096 2096 2096 2099 
2099 2099 2099 2099 2099 2099 2099 2099 2099 2112 
2112 2112 2112 2112 2113 2113 2113 2113 2113 2117 
2117 2117 2117 2117 2122 2122 2122 2122 2122 2125 
2125 2125 2125 2125 2134 2134 2134 2134 2134 2137 
2137 2137 2137 2137 2141 2141 2141 2141 2141 2148 
2148 2148 2148 2148 2151 2151 2151 2151 2151 2156 
2156 2156 2156 2156 2162 2162 2162 2162 2162 2173 
2173 2173 2173 2173 2175 2175 2175 2175 2175 2178 
2178 2178 2178 2178 2187 2187 2187 2187 2187 2206 
2206 2206 2206 2206 2207 2207 2207 2207 2207 2213 
2213 2213 2213 2213 2221 2221 2221 2221 2221 2230 
2230 2230 2230 2230 2231 2231 2231 2231 2231 2241 
2241 2241 2241 2241 2242 2242 2242 2242 2242 2246 
2246 2246 2246 2246 2247 2247 2247 2247 2247 2255 
2255 2255 2255 2255 2263 2263 2263 2263 2263 2271 
2271 2271 2271 2271 2276 2276 2276 2276 2276 2276 
2276 2276 2276 2276 2279 2279 2279 2279 2279 2296 
2296 2296 2296 2296 2299 2299 2299 2299 2299 2300 
2300 2300 2300 2300 2302 2302 2302 2302 2302 2303 
2303 2303 2303 2303 2306 2306 2306 2306 2306 2312 
2312 2312 2312 2312 2313 2313 2313 2313 2313 2326 
2326 2326 2326 2326 2339 2339 2339 2339 2339 2340 
2340 2340 2340 2340 2343 2343 2343 2343 2343 2357 
2357 2357 2357 2357 2359 2359 2359 2359 2359 2364 
2364 2364 2364 2364 2365 2365 2365 2365 2365 2369 
2369 2369 2369 2369 2382 2382 2382 2382 2382 2389 
2389 2389 2389 2389 2392 2392 2392 2392 2392 2395 
2395 2395 2395 2395 2396 2396 2396 2396 2396 2396 
2396 2396 2396 2396 2400 2400 2400 2400 2400 2405 
2405 2405 2405 2405 2412 2412 2412 2412 2412 2415 
2415 2415 2415 2415 2433 2433 2433 2433 2433 2442 
2442 2442 2442 2442 2442 2442 2442 2442 2442 2446 
2446 2446 2446 2446 2448 2448 2448 2448 2448 2449 
2449 2449 2449 2449 2464 2464 2464 2464 2464 2466 
2466 2466 2466 2466 2472 2472 2472 2472 2472 2481 
2481 2481 2481 2481 2489 2489 2489 2489 2489 2493 
2493 2493 2493 2493 2496 2496 2496 2496 2496 2508 
2508 2508 2508 2508 2514 2514 2514 2514 2514 2515 
2515 2515 2515 2515 2515 2515 2515 2515 2515 2523 
2523 2523 2523 2523 2528 2528 2528 2528 2528 2533 
2533 2533 2533 2533 2533 2533 2533 2533 2533 2537 
2537 2537 2537 2537 2537 2537 2537 2537 2537 2542 
2542 2542 2542 2542 2549 2549 2549 2549 2549 2559 
2559 2559 2559 2559 2561 2561 2561 2561 2561 2563 
2563 2563 2563 2563 2568 2568 2568 2568 2568 2568 
2568 2568 2568 2568 2574 2574 2574 2574 2574 2575 
2575 2575 2575 2575 2579 2579 2579 2579 2579 2582 
2582 2582 2582 2582 2585 2585 2585 2585 2585 2599 
2599 2599 2599 2599 2599 2599 2599 2599 2599 2599 
2599 2599 2599 2599 2604 2604 2604 2604 2604 2605 
2605 2605 2605 2605 2611 2611 2611 2611 2611 2634 
2634 2634 2634 2634 2639 2639 2639 2639 2639 2651 
2651 2651 2651 2651 2652 2652 2652 2652 2652 2652 
2652 2652 2652 2652 2664 2664 2664 2664 2664 2672 
2672 2672 2672 2672 2672 2672 2672 2672 2672 2673 
2673 2673 2673 2673 2683 2683 2683 2683 2683 2689 
2689 2689 2689 2689 2692 2692 2692 2692 2692 2694 
2694 2694 2694 2694 2701 2701 2701 2701 2701 2702 
2702 2702 2702 2702 2705 2705 2705 2705 2705 2708 
2708 2708 2708 2708 2709 2709 2709 2709 2709 2716 
2716 2716 2716 2716 2717 2717 2717 2717 2717 2717 
2717 2717 2717 2717 2718 2718 2718 2718 2718 2728 
2728 2728 2728 2728 2731 2731 2731 2731 2731 2743 
2743 2743 2743 2743 2746 2746 2746 2746 2746 2751 
2751 2751 2751 2751 2761 2761 2761 2761 2761 2765 
2765 2765 2765 2765 2776 2776 2776 2776 2776 2779 
2779 2779 2779 2779 2786 2786 2786 2786 2786 2794 
2794 2794 2794 2794 2797 2797 2797 2797 2797 2804 
2804 2804 2804 2804 2809 2809 2809 2809 2809 2811 
2811 2811 2811 2811 2813 2813 2813 2813 2813 2818 
2818 2818 2818 2818 2832 2832 2832 2832 2832 2836 
2836 2836 2836 2836 2839 2839 2839 2839 2839 2863 
2863 2863 2863 2863 2883 2883 2883 2883 2883 2885 
2885 2885 2885 2885 2891 2891 2891 2891 2891 2910 
2910 2910 2910 2910 2911 2911 2911 2911 2911 2912 
2912 2912 2912 2912 2931 2931 2931 2931 2931 2934 
2934 2934 2934 2934 2939 2939 2939 2939 2939 2952 
2952 2952 2952 2952 2953 2953 2953 2953 2953 2955 
2955 2955 2955 2955 2963 2963 2963 2963 2963 2974 
2974 2974 2974 2974 2974 2974 2974 2974 2974 2986 
2986 2986 2986 2986 2999 2999 2999 2999 2999 3000 
3000 3000 3000 3000 3000 3000 3000 3000 3000 3002 
3002 3002 3002 3002 3013 3013 3013 3013 3013 3031 
3031 3031 3031 3031 3039 3039 3039 3039 3039 3049 
3049 3049 3049 3049 3053 3053 3053 3053 3053 3061 
3061 3061 3061 3061 3069 3069 3069 3069 3069 3080 
3080 3080 3080 3080 3086 3086 3086 3086 3086 3087 
3087 3087 3087 3087 3096 3096 3096 3096 3096 3098 
3098 3098 3098 3098 3102 3102 3102 3102 3102 3115 
3115 3115 3115 3115 3122 3122 3122 3122 3122 3123 
3123 3123 3123 3123 3125 3125 3125 3125 3125 3146 
3146 3146 3146 3146 3152 3152 3152 3152 3152 3159 
3159 3159 3159 3159 3165 3165 3165 3165 3165 3167 
3167 3167 3167 3167 3168 3168 3168 3168 3168 3175 
3175 3175 3175 3175 3175 3175 3175 3175 3175 3175 
3175 3175 3175 3175 3178 3178 3178 3178 3178 3189 
3189 3189 3189 3189 3198 3198 3198 3198 3198 3202 
3202 3202 3202 3202 3212 3212 3212 3212 3212 3212 
3212 3212 3212 3212 3217 3217 3217 3217 3217 3220 
3220 3220 3220 3220 3224 3224 3224 3224 3224 3227 
3227 3227 3227 3227 3242 3242 3242 3242 3242 3251 
3251 3251 3251 3251 3253 3253 3253 3253 3253 3260 
3260 3260 3260 3260 3265 3265 3265 3265 3265 3269 
3269 3269 3269 3269 3272 3272 3272 3272 3272 3273 
3273 3273 3273 3273 3273 3273 3273 3273 3273 3273 
3273 3273 3273 3273 3288 3288 3288 3288 3288 3292 
3292 3292 3292 3292 3294 3294 3294 3294 3294 3301 
3301 3301 3301 3301 3305 3305 3305 3305 3305 3312 
3312 3312 3312 3312 3317 3317 3317 3317 3317 3338 
3338 3338 3338 3338 3343 3343 3343 3343 3343 3352 
3352 3352 3352 3352 3354 3354 3354 3354 3354 3369 
3369 3369 3369 3369 3370 3370 3370 3370 3370 3372 
3372 3372 3372 3372 3373 3373 3373 3373 3373 3374 
3374 3374 3374 3374 3377 3377 3377 3377 3377 3380 
3380 3380 3380 3380 3385 3385 3385 3385 3385 3386 
3386 3386 3386 3386 3390 3390 3390 3390 3390 3397 
3397 3397 3397 3397 3398 3398 3398 3398 3398 3399 
3399 3399 3399 3399 3401 3401 3401 3401 3401 3404 
3404 3404 3404 3404 3407 3407 3407 3407 3407 3412 
3412 3412 3412 3412 3413 3413 3413 3413 3413 3419 
3419 3419 3419 3419 3422 3422 3422 3422 3422 3425 
3425 3425 3425 3425 3426 3426 3426 3426 3426 3428 
3428 3428 3428 3428 3437 3437 3437 3437 3437 3440 
3440 3440 3440 3440 3455 3455 3455 3455 3455 3455 
3455 3455 3455 3455 3455 3455 3455 3455 3455 3465 
3465 3465 3465 3465 3468 3468 3468 3468 3468 3484 
3484 3484 3484 3484 3486 3486 3486 3486 3486 3486 
3486 3486 3486 3486 3492 3492 3492 3492 3492 3494 
3494 3494 3494 3494 3501 3501 3501 3501 3501 3504 
3504 3504 3504 3504 3511 3511 3511 3511 3511 3514 
3514 3514 3514 3514 3531 3531 3531 3531 3531 3531 
3531 3531 3531 3531 3535 3535 3535 3535 3535 3537 
3537 3537 3537 3537 3538 3538 3538 3538 3538 3544 
3544 3544 3544 3544 3545 3545 3545 3545 3545 3559 
3559 3559 3559 3559 3569 3569 3569 3569 3569 3571 
3571 3571 3571 3571 3576 3576 3576 3576 3576 3577 
3577 3577 3577 3577 3577 3577 3577 3577 3577 3578 
3578 3578 3578 3578 3586 3586 3586 3586 3586 3589 
3589 3589 3589 3589 3594 3594 3594 3594 3594 3597 
3597 3597 3597 3597 3603 3603 3603 3603 3603 3605 
3605 3605 3605 3605 3615 3615 3615 3615 3615 3615 
3615 3615 3615 3615 3629 3629 3629 3629 3629 3651 
3651 3651 3651 3651 3653 3653 3653 3653 3653 3657 
3657 3657 3657 3657 3660 3660 3660 3660 3660 3666 
3666 3666 3666 3666 3668 3668 3668 3668 3668 3669 
3669 3669 3669 3669 3678 3678 3678 3678 3678 3680 
3680 3680 3680 3680 3705 3705 3705 3705 3705 3706 
3706 3706 3706 3706 3709 3709 3709 3709 3709 3712 
3712 3712 3712 3712 3722 3722 3722 3722 3722 3725 
3725 3725 3725 3725 3733 3733 3733 3733 3733 3742 
3742 3742 3742 3742 3751 3751 3751 3751 3751 3758 
3758 3758 3758 3758 3770 3770 3770 3770 3770 3776 
3776 3776 3776 3776 3781 3781 3781 3781 3781 3783 
3783 3783 3783 3783 3786 3786 3786 3786 3786 3787 
3787 3787 3787 3787 3800 3800 3800 3800 3800 3809 
3809 3809 3809 3809 3822 3822 3822 3822 3822 3824 
3824 3824 3824 3824 3834 3834 3834 3834 3834 3836 
3836 3836 3836 3836 3838 3838 3838 3838 3838 3847 
3847 3847 3847 3847 3855 3855 3855 3855 3855 3859 
3859 3859 3859 3859 3868 3868 3868 3868 3868 3870 
3870 3870 3870 3870 3889 3889 3889 3889 3889 3908 
3908 3908 3908 3908 3914 3914 3914 3914 3914 3921 
3921 3921 3921 3921 3922 3922 3922 3922 3922 3931 
3931 3931 3931 3931 3936 3936 3936 3936 3936 3953 
3953 3953 3953 3953 3956 3956 3956 3956 3956 3956 
3956 3956 3956 3956 3957 3957 3957 3957 3957 3958 
3958 3958 3958 3958 3970 3970 3970 3970 3970 3975 
3975 3975 3975 3975 3981 3981 3981 3981 3981 3995 
3995 3995 3995 3995 3998 3998 3998 3998 3998 3999 
3999 3999 3999 3999 4002 4002 4002 4002 4002 4006 
4006 4006 4006 4006 4006 4006 4006 4006 4006 4018 
4018 4018 4018 4018 4023 4023 4023 4023 4023 4035 
4035 4035 4035 4035 4037 4037 4037 4037 4037 4040 
4040 4040 4040 4040 4043 4043 4043 4043 4043 4062 
4062 4062 4062 4062 4068 4068 4068 4068 4068 4069 
4069 4069 4069 4069 4077 4077 4077 4077 4077 4087 
4087 4087 4087 4087 4089 4089 4089 4089 4089 4102 
4102 4102 4102 4102 4111 4111 4111 4111 4111 4113 
4113 4113 4113 4113 4117 4117 4117 4117 4117 4120 
4120 4120 4120 4120 4125 4125 4125 4125 4125 4130 
4130 4130 4130 4130 4131 4131 4131 4131 4131 4132 
4132 4132 4132 4132 4133 4133 4133 4133 4133 4149 
4149 4149 4149 4149 4158 4158 4158 4158 4158 4172 
4172 4172 4172 4172 4176 4176 4176 4176 4176 4185 
4185 4185 4185 4185 4196 4196 4196 4196 4196 4211 
4211 4211 4211 4211 4224 4224 4224 4224 4224 4225 
4225 4225 4225 4225 4226 4226 4226 4226 4226 4227 
4227 4227 4227 4227 4230 4230 4230 4230 4230 4231 
4231 4231 4231 4231 4246 4246 4246 4246 4246 4247 
4247 4247 4247 4247 4251 4251 4251 4251 4251 4253 
4253 4253 4253 4253 4259 4259 4259 4259 4259 4265 
4265 4265 4265 4265 4266 4266 4266 4266 4266 4266 
4266 4266 4266 4266 4273 4273 4273 4273 4273 4290 
4290 4290 4290 4290 4292 4292 4292 4292 4292 4294 
4294 4294 4294 4294 4299 4299 4299 4299 4299 4301 
4301 4301 4301 4301 4304 4304 4304 4304 4304 4306 
4306 4306 4306 4306 4312 4312 4312 4312 4312 4315 
4315 4315 4315 4315 4336 4336 4336 4336 4336 4340 
4340 4340 4340 4340 4342 4342 4342 4342 4342 4343 
4343 4343 4343 4343 4351 4351 4351 4351 4351 4367 
4367 4367 4367 4367 4369 4369 4369 4369 4369 4375 
4375 4375 4375 4375 4379 4379 4379 4379 4379 4383 
4383 4383 4383 4383 4383 4383 4383 4383 4383 4384 
4384 4384 4384 4384 4389 4389 4389 4389 4389 4390 
4390 4390 4390 4390 4392 4392 4392 4392 4392 4393 
4393 4393 4393 4393 4395 4395 4395 4395 4395 4396 
4396 4396 4396 4396 4398 4398 4398 4398 4398 4423 
4423 4423 4423 4423 4425 4425 4425 4425 4425 4427 
4427 4427 4427 4427 4431 4431 4431 4431 4431 4439 
4439 4439 4439 4439 4443 4443 4443 4443 4443 4456 
4456 4456 4456 4456 4465 4465 4465 4465 4465 4466 
4466 4466 4466 4466 4466 4466 4466 4466 4466 4468 
4468 4468 4468 4468 4470 4470 4470 4470 4470 4472 
4472 4472 4472 4472 4477 4477 4477 4477 4477 4482 
4482 4482 4482 4482 4491 4491 4491 4491 4491 4492 
4492 4492 4492 4492 4495 4495 4495 4495 4495 4496 
4496 4496 4496 4496 4497 4497 4497 4497 4497 4507 
4507 4507 4507 4507 4511 4511 4511 4511 4511 4511 
4511 4511 4511 4511 4512 4512 4512 4512 4512 4514 
4514 4514 4514 4514 4524 4524 4524 4524 4524 4530 
4530 4530 4530 4530 4536 4536 4536 4536 4536 4540 
4540 4540 4540 4540 4556 4556 4556 4556 4556 4558 
4558 4558 4558 4558 4563 4563 4563 4563 4563 4567 
4567 4567 4567 4567 4570 4570 4570 4570 4570 4571 
4571 4571 4571 4571 4571 4571 4571 4571 4571 4582 
4582 4582 4582 4582 4586 4586 4586 4586 4586 4587 
4587 4587 4587 4587 4592 4592 4592 4592 4592 4595 
4595 4595 4595 4595 4612 4612 4612 4612 4612 4616 
4616 4616 4616 4616 4639 4639 4639 4639 4639 4644 
4644 4644 4644 4644 4645 4645 4645 4645 4645 4647 
4647 4647 4647 4647 4649 4649 4649 4649 4649 4649 
4649 4649 4649 4649 4653 4653 4653 4653 4653 4660 
4660 4660 4660 4660 4666 4666 4666 4666 4666 4674 
4674 4674 4674 4674 4679 4679 4679 4679 4679 4680 
4680 4680 4680 4680 4681 4681 4681 4681 4681 4683 
4683 4683 4683 4683 4685 4685 4685 4685 4685 4688 
4688 4688 4688 4688 4690 4690 4690 4690 4690 4690 
4690 4690 4690 4690 4691 4691 4691 4691 4691 4692 
4692 4692 4692 4692 4699 4699 4699 4699 4699 4700 
4700 4700 4700 4700 4701 4701 4701 4701 4701 4703 
4703 4703 4703 4703 4705 4705 4705 4705 4705 4713 
4713 4713 4713 4713 4716 4716 4716 4716 4716 4717 
4717 4717 4717 4717 4721 4721 4721 4721 4721 4722 
4722 4722 4722 4722 4736 4736 4736 4736 4736 4737 
4737 4737 4737 4737 4740 4740 4740 4740 4740 4752 
4752 4752 4752 4752 4762 4762 4762 4762 4762 4779 
4779 4779 4779 4779 4786 4786 4786 4786 4786 4797 
4797 4797 4797 4797 4798 4798 4798 4798 4798 4799 
4799 4799 4799 4799 4802 4802 4802 4802 4802 4803 
4803 4803 4803 4803 4805 4805 4805 4805 4805 4811 
4811 4811 4811 4811 4815 4815 4815 4815 4815 4816 
4816 4816 4816 4816 4819 4819 4819 4819 4819 4819 
4819 4819 4819 4819 4821 4821 4821 4821 4821 4835 
4835 4835 4835 4835 4837 4837 4837 4837 4837 4838 
4838 4838 4838 4838 4843 4843 4843 4843 4843 4845 
4845 4845 4845 4845 4846 4846 4846 4846 4846 4848 
4848 4848 4848 4848 4849 4849 4849 4849 4849 4850 
4850 4850 4850 4850 4851 4851 4851 4851 4851 4863 
4863 4863 4863 4863 4864 4864 4864 4864 4864 4865 
4865 4865 4865 4865 4873 4873 4873 4873 4873 4873 
4873 4873 4873 4873 4874 4874 4874 4874 4874 4885 
4885 4885 4885 4885 4888 4888 4888 4888 4888 4890 
4890 4890 4890 4890 4899 4899 4899 4899 4899 4902 
4902 4902 4902 4902 4910 4910 4910 4910 4910 4914 
4914 4914 4914 4914 4921 4921 4921 4921 4921 4925 
4925 4925 4925 4925 4937 4937 4937 4937 4937 4940 
4940 4940 4940 4940 4945 4945 4945 4945 4945 4946 
4946 4946 4946 4946 4951 4951 4951 4951 4951 4952 
4952 4952 4952 4952 4955 4955 4955 4955 4955 4963 
4963 4963 4963 4963 4969 4969 4969 4969 4969 4979 
4979 4979 4979 4979 4984 4984 4984 4984 4984 4989 
4989 4989 4989 4989 4991 4991 4991 4991 4991 4997 
4997 4997 4997 4997 4998 4998 4998 4998 4998 5008 
5008 5008 5008 5008 5010 5010 5010 5010 5010 5011 
5011 5011 5011 5011 5012 5012 5012 5012 5012 5021 
5021 5021 5021 5021 5021 5021 5021 5021 5021 5037 
5037 5037 5037 5037 5038 5038 5038 5038 5038 5041 
5041 5041 5041 5041 5042 5042 5042 5042 5042 5044 
5044 5044 5044 5044 5046 5046 5046 5046 5046 5048 
5048 5048 5048 5048 5052 5052 5052 5052 5052 5053 
5053 5053 5053 5053 5054 5054 5054 5054 5054 5056 
5056 5056 5056 5056 5056 5056 5056 5056 5056 5058 
5058 5058 5058 5058 5062 5062 5062 5062 5062 5066 
5066 5066 5066 5066 5070 5070 5070 5070 5070 5070 
5070 5070 5070 5070 5072 5072 5072 5072 5072 5073 
5073 5073 5073 5073 5077 5077 5077 5077 5077 5079 
5079 5079 5079 5079 5083 5083 5083 5083 5083 5086 
5086 5086 5086 5086 5086 5086 5086 5086 5086 5092 
5092 5092 5092 5092 5114 5114 5114 5114 5114 5115 
5115 5115 5115 5115 5119 5119 5119 5119 5119 5123 
5123 5123 5123 5123 5132 5132 5132 5132 5132 5137 
5137 5137 5137 5137 5138 5138 5138 5138 5138 5148 
5148 5148 5148 5148 5159 5159 5159 5159 5159 5166 
5166 5166 5166 5166 5169 5169 5169 5169 5169 5172 
5172 5172 5172 5172 5180 5180 5180 5180 5180 5186 
5186 5186 5186 5186 5187 5187 5187 5187 5187 5188 
5188 5188 5188 5188 5214 5214 5214 5214 5214 5216 
5216 5216 5216 5216 5233 5233 5233 5233 5233 5244 
5244 5244 5244 5244 5250 5250 5250 5250 5250 5251 
5251 5251 5251 5251 5254 5254 5254 5254 5254 5258 
5258 5258 5258 5258 5266 5266 5266 5266 5266 5266 
5266 5266 5266 5266 5267 5267 5267 5267 5267 5272 
5272 5272 5272 5272 5274 5274 5274 5274 5274 5286 
5286 5286 5286 5286 5294 5294 5294 5294 5294 5295 
5295 5295 5295 5295 5295 5295 5295 5295 5295 5296 
5296 5296 5296 5296 5300 5300 5300 5300 5300 5300 
5300 5300 5300 5300 5302 5302 5302 5302 5302 5303 
5303 5303 5303 5303 5303 5303 5303 5303 5303 5307 
5307 5307 5307 5307 5307 5307 5307 5307 5307 5316 
5316 5316 5316 5316 5323 5323 5323 5323 5323 5330 
5330 5330 5330 5330 5337 5337 5337 5337 5337 5349 
5349 5349 5349 5349 5354 5354 5354 5354 5354 5354 
5354 5354 5354 5354 5364 5364 5364 5364 5364 5364 
5364 5364 5364 5364 5364 5364 5364 5364 5364 5367 
5367 5367 5367 5367 5369 5369 5369 5369 5369 5370 
5370 5370 5370 5370 5371 5371 5371 5371 5371 5387 
5387 5387 5387 5387 5391 5391 5391 5391 5391 5401 
5401 5401 5401 5401 5403 5403 5403 5403 5403 5404 
5404 5404 5404 5404 5406 5406 5406 5406 5406 5407 
5407 5407 5407 5407 5409 5409 5409 5409 5409 5412 
5412 5412 5412 5412 5413 5413 5413 5413 5413 5413 
5413 5413 5413 5413 5416 5416 5416 5416 5416 5419 
5419 5419 5419 5419 5436 5436 5436 5436 5436 5440 
5440 5440 5440 5440 5443 5443 5443 5443 5443 5443 
5443 5443 5443 5443 5443 5443 5443 5443 5443 5445 
5445 5445 5445 5445 5446 5446 5446 5446 5446 5454 
5454 5454 5454 5454 5455 5455 5455 5455 5455 5460 
5460 5460 5460 5460 5461 5461 5461 5461 5461 5463 
5463 5463 5463 5463 5463 5463 5463 5463 5463 5463 
5463 5463 5463 5463 5470 5470 5470 5470 5470 5492 
5492 5492 5492 5492 5501 5501 5501 5501 5501 5507 
5507 5507 5507 5507 5510 5510 5510 5510 5510 5510 
5510 5510 5510 5510 5513 5513 5513 5513 5513 5518 
5518 5518 5518 5518 5523 5523 5523 5523 5523 5524 
5524 5524 5524 5524 5525 5525 5525 5525 5525 5525 
5525 5525 5525 5525 5527 5527 5527 5527 5527 5535 
5535 5535 5535 5535 5540 5540 5540 5540 5540 5546 
5546 5546 5546 5546 5555 5555 5555 5555 5555 5555 
5555 5555 5555 5555 5560 5560 5560 5560 5560 5567 
5567 5567 5567 5567 5569 5569 5569 5569 5569 5576 
5576 5576 5576 5576 5581 5581 5581 5581 5581 5595 
5595 5595 5595 5595 5596 5596 5596 5596 5596 5597 
5597 5597 5597 5597 5603 5603 5603 5603 5603 5604 
5604 5604 5604 5604 5613 5613 5613 5613 5613 5614 
5614 5614 5614 5614 5615 5615 5615 5615 5615 5619 
5619 5619 5619 5619 5633 5633 5633 5633 5633 5635 
5635 5635 5635 5635 5636 5636 5636 5636 5636 5636 
5636 5636 5636 5636 5640 5640 5640 5640 5640 5646 
5646 5646 5646 5646 5646 5646 5646 5646 5646 5648 
5648 5648 5648 5648 5653 5653 5653 5653 5653 5654 
5654 5654 5654 5654 5657 5657 5657 5657 5657 5659 
5659 5659 5659 5659 5663 5663 5663 5663 5663 5671 
5671 5671 5671 5671 5672 5672 5672 5672 5672 5676 
5676 5676 5676 5676 5676 5676 5676 5676 5676 5680 
5680 5680 5680 5680 5687 5687 5687 5687 5687 5688 
5688 5688 5688 5688 5692 5692 5692 5692 5692 5697 
5697 5697 5697 5697 5698 5698 5698 5698 5698 5706 
5706 5706 5706 5706 5713 5713 5713 5713 5713 5725 
5725 5725 5725 5725 5743 5743 5743 5743 5743 5745 
5745 5745 5745 5745 5750 5750 5750 5750 5750 5751 
5751 5751 5751 5751 5755 5755 5755 5755 5755 5769 
5769 5769 5769 5769 5788 5788 5788 5788 5788 5789 
5789 5789 5789 5789 5790 5790 5790 5790 5790 5792 
5792 5792 5792 5792 5793 5793 5793 5793 5793 5793 
5793 5793 5793 5793 5795 5795 5795 5795 5795 5796 
5796 5796 5796 5796 5797 5797 5797 5797 5797 5808 
5808 5808 5808 5808 5808 5808 5808 5808 5808 5821 
5821 5821 5821 5821 5829 5829 5829 5829 5829 5830 
5830 5830 5830 5830 5832 5832 5832 5832 5832 5832 
5832 5832 5832 5832 5841 5841 5841 5841 5841 5859 
5859 5859 5859 5859 5862 5862 5862 5862 5862 5870 
5870 5870 5870 5870 5870 5870 5870 5870 5870 5877 
5877 5877 5877 5877 5881 5881 5881 5881 5881 5895 
5895 5895 5895 5895 5896 5896 5896 5896 5896 5897 
5897 5897 5897 5897 5908 5908 5908 5908 5908 5923 
5923 5923 5923 5923 5927 5927 5927 5927 5927 5928 
5928 5928 5928 5928 5939 5939 5939 5939 5939 5941 
5941 5941 5941 5941 5946 5946 5946 5946 5946 5958 
5958 5958 5958 5958 5963 5963 5963 5963 5963 5966 
5966 5966 5966 5966 5976 5976 5976 5976 5976 5986 
5986 5986 5986 5986 5991 5991 5991 5991 5991 5997 
5997 5997 5997 5997 5999 5999 5999 5999 5999 6012 
6012 6012 6012 6012 6023 6023 6023 6023 6023 6028 
6028 6028 6028 6028 6032 6032 6032 6032 6032 6038 
6038 6038 6038 6038 6044 6044 6044 6044 6044 6045 
6045 6045 6045 6045 6047 6047 6047 6047 6047 6047 
6047 6047 6047 6047 6050 6050 6050 6050 6050 6051 
6051 6051 6051 6051 6054 6054 6054 6054 6054 6073 
6073 6073 6073 6073 6073 6073 6073 6073 6073 6078 
6078 6078 6078 6078 6080 6080 6080 6080 6080 6089 
6089 6089 6089 6089 6101 6101 6101 6101 6101 6106 
6106 6106 6106 6106 6109 6109 6109 6109 6109 6116 
6116 6116 6116 6116 6117 6117 6117 6117 6117 6121 
6121 6121 6121 6121 6121 6121 6121 6121 6121 6129 
6129 6129 6129 6129 6132 6132 6132 6132 6132 6137 
6137 6137 6137 6137 6141 6141 6141 6141 6141 6142 
6142 6142 6142 6142 6143 6143 6143 6143 6143 6145 
6145 6145 6145 6145 6151 6151 6151 6151 6151 6153 
6153 6153 6153 6153 6155 6155 6155 6155 6155 6157 
6157 6157 6157 6157 6160 6160 6160 6160 6160 6175 
6175 6175 6175 6175 6191 6191 6191 6191 6191 6201 
6201 6201 6201 6201 6204 6204 6204 6204 6204 6223 
6223 6223 6223 6223 6225 6225 6225 6225 6225 6226 
6226 6226 6226 6226 6236 6236 6236 6236 6236 6239 
6239 6239 6239 6239 6257 6257 6257 6257 6257 6257 
6257 6257 6257 6257 6258 6258 6258 6258 6258 6262 
6262 6262 6262 6262 6264 6264 6264 6264 6264 6268 
6268 6268 6268 6268 6272 6272 6272 6272 6272 6275 
6275 6275 6275 6275 6279 6279 6279 6279 6279 6284 
6284 6284 6284 6284 6288 6288 6288 6288 6288 6288 
6288 6288 6288 6288 6290 6290 6290 6290 6290 6293 
6293 6293 6293 6293 6303 6303 6303 6303 6303 6312 
6312 6312 6312 6312 6323 6323 6323 6323 6323 6325 
6325 6325 6325 6325 6327 6327 6327 6327 6327 6336 
6336 6336 6336 6336 6346 6346 6346 6346 6346 6350 
6350 6350 6350 6350 6351 6351 6351 6351 6351 6358 
6358 6358 6358 6358 6363 6363 6363 6363 6363 6368 
6368 6368 6368 6368 6370 6370 6370 6370 6370 6371 
6371 6371 6371 6371 6375 6375 6375 6375 6375 6379 
6379 6379 6379 6379 6394 6394 6394 6394 6394 6397 
6397 6397 6397 6397 6398 6398 6398 6398 6398 6404 
6404 6404 6404 6404 6405 6405 6405 6405 6405 6406 
6406 6406 6406 6406 6408 6408 6408 6408 6408 6409 
6409 6409 6409 6409 6416 6416 6416 6416 6416 6422 
6422 6422 6422 6422 6424 6424 6424 6424 6424 6438 
6438 6438 6438 6438 6439 6439 6439 6439 6439 6453 
6453 6453 6453 6453 6480 6480 6480 6480 6480 6489 
6489 6489 6489 6489 6492 6492 6492 6492 6492 6494 
6494 6494 6494 6494 6497 6497 6497 6497 6497 6500 
6500 6500 6500 6500 6501 6501 6501 6501 6501 6504 
6504 6504 6504 6504 6507 6507 6507 6507 6507 6510 
6510 6510 6510 6510 6520 6520 6520 6520 6520 6521 
6521 6521 6521 6521 6528 6528 6528 6528 6528 6531 
6531 6531 6531 6531 6532 6532 6532 6532 6532 6532 
6532 6532 6532 6532 6535 6535 6535 6535 6535 6537 
6537 6537 6537 6537 6546 6546 6546 6546 6546 6548 
6548 6548 6548 6548 6552 6552 6552 6552 6552 6553 
6553 6553 6553 6553 6557 6557 6557 6557 6557 6567 
6567 6567 6567 6567 6568 6568 6568 6568 6568 6571 
6571 6571 6571 6571 6572 6572 6572 6572 6572 6572 
6572 6572 6572 6572 6573 6573 6573 6573 6573 6575 
6575 6575 6575 6575 6579 6579 6579 6579 6579 6581 
6581 6581 6581 6581 6586 6586 6586 6586 6586 6593 
6593 6593 6593 6593 6596 6596 6596 6596 6596 6597 
6597 6597 6597 6597 6599 6599 6599 6599 6599 6606 
6606 6606 6606 6606 6615 6615 6615 6615 6615 6624 
6624 6624 6624 6624 6625 6625 6625 6625 6625 6638 
6638 6638 6638 6638 6648 6648 6648 6648 6648 6648 
6648 6648 6648 6648 6652 6652 6652 6652 6652 6658 
6658 6658 6658 6658 6663 6663 6663 6663 6663 6663 
6663 6663 6663 6663 6664 6664 6664 6664 6664 6671 
6671 6671 6671 6671 6676 6676 6676 6676 6676 6676 
6676 6676 6676 6676 6679 6679 6679 6679 6679 6683 
6683 6683 6683 6683 6697 6697 6697 6697 6697 6699 
6699 6699 6699 6699 6702 6702 6702 6702 6702 6703 
6703 6703 6703 6703 6707 6707 6707 6707 6707 6712 
6712 6712 6712 6712 6714 6714 6714 6714 6714 6723 
6723 6723 6723 6723 6726 6726 6726 6726 6726 6730 
6730 6730 6730 6730 6737 6737 6737 6737 6737 6770 
6770 6770 6770 6770 6779 6779 6779 6779 6779 6785 
6785 6785 6785 6785 6785 6785 6785 6785 6785 6791 
6791 6791 6791 6791 6793 6793 6793 6793 6793 6804 
6804 6804 6804 6804 6808 6808 6808 6808 6808 6813 
6813 6813 6813 6813 6820 6820 6820 6820 6820 6829 
6829 6829 6829 6829 6833 6833 6833 6833 6833 6840 
6840 6840 6840 6840 6841 6841 6841 6841 6841 6845 
6845 6845 6845 6845 6846 6846 6846 6846 6846 6850 
6850 6850 6850 6850 6854 6854 6854 6854 6854 6867 
6867 6867 6867 6867 6877 6877 6877 6877 6877 6878 
6878 6878 6878 6878 6889 6889 6889 6889 6889 6899 
6899 6899 6899 6899 6906 6906 6906 6906 6906 6907 
6907 6907 6907 6907 6908 6908 6908 6908 6908 6911 
6911 6911 6911 6911 6915 6915 6915 6915 6915 6917 
6917 6917 6917 6917 6918 6918 6918 6918 6918 6920 
6920 6920 6920 6920 6923 6923 6923 6923 6923 6924 
6924 6924 6924 6924 6924 6924 6924 6924 6924 6925 
6925 6925 6925 6925 6926 6926 6926 6926 6926 6930 
6930 6930 6930 6930 6933 6933 6933 6933 6933 6935 
6935 6935 6935 6935 6948 6948 6948 6948 6948 6954 
6954 6954 6954 6954 6956 6956 6956 6956 6956 6957 
6957 6957 6957 6957 6980 6980 6980 6980 6980 6985 
6985 6985 6985 6985 6992 6992 6992 6992 6992 6996 
6996 6996 6996 6996 7004 7004 7004 7004 7004 7008 
7008 7008 7008 7008 7034 7034 7034 7034 7034 7035 
7035 7035 7035 7035 7038 7038 7038 7038 7038 7039 
7039 7039 7039 7039 7044 7044 7044 7044 7044 7046 
7046 7046 7046 7046 7047 7047 7047 7047 7047 7053 
7053 7053 7053 7053 7056 7056 7056 7056 7056 7062 
7062 7062 7062 7062 7068 7068 7068 7068 7068 7069 
7069 7069 7069 7069 7070 7070 7070 7070 7070 7085 
7085 7085 7085 7085 7089 7089 7089 7089 7089 7097 
7097 7097 7097 7097 7098 7098 7098 7098 7098 7103 
7103 7103 7103 7103 7111 7111 7111 7111 7111 7114 
7114 7114 7114 7114 7117 7117 7117 7117 7117 7118 
7118 7118 7118 7118 7118 7118 7118 7118 7118 7123 
7123 7123 7123 7123 7126 7126 7126 7126 7126 7128 
7128 7128 7128 7128 7132 7132 7132 7132 7132 7135 
7135 7135 7135 7135 7137 7137 7137 7137 7137 7146 
7146 7146 7146 7146 7149 7149 7149 7149 7149 7154 
7154 7154 7154 7154 7160 7160 7160 7160 7160 7166 
7166 7166 7166 7166 7168 7168 7168 7168 7168 7173 
7173 7173 7173 7173 7173 7173 7173 7173 7173 7177 
7177 7177 7177 7177 7180 7180 7180 7180 7180 7185 
7185 7185 7185 7185 7189 7189 7189 7189 7189 7190 
7190 7190 7190 7190 7191 7191 7191 7191 7191 7192 
7192 7192 7192 7192 7197 7197 7197 7197 7197 7203 
7203 7203 7203 7203 7209 7209 7209 7209 7209 7211 
7211 7211 7211 7211 7215 7215 7215 7215 7215 7215 
7215 7215 7215 7215 7221 7221 7221 7221 7221 7224 
7224 7224 7224 7224 7229 7229 7229 7229 7229 7233 
7233 7233 7233 7233 7235 7235 7235 7235 7235 7236 
7236 7236 7236 7236 7239 7239 7239 7239 7239 7239 
7239 7239 7239 7239 7246 7246 7246 7246 7246 7247 
7247 7247 7247 7247 7249 7249 7249 7249 7249 7252 
7252 7252 7252 7252 7256 7256 7256 7256 7256 7260 
7260 7260 7260 7260 7263 7263 7263 7263 7263 7268 
7268 7268 7268 7268 7269 7269 7269 7269 7269 7278 
7278 7278 7278 7278 7278 7278 7278 7278 7278 7280 
7280 7280 7280 7280 7281 7281 7281 7281 7281 7282 
7282 7282 7282 7282 7282 7282 7282 7282 7282 7299 
7299 7299 7299 7299 7300 7300 7300 7300 7300 7302 
7302 7302 7302 7302 7310 7310 7310 7310 7310 7317 
7317 7317 7317 7317 7320 7320 7320 7320 7320 7329 
7329 7329 7329 7329 7330 7330 7330 7330 7330 7332 
7332 7332 7332 7332 7344 7344 7344 7344 7344 7348 
7348 7348 7348 7348 7354 7354 7354 7354 7354 7359 
7359 7359 7359 7359 7362 7362 7362 7362 7362 7374 
7374 7374 7374 7374 7376 7376 7376 7376 7376 7378 
7378 7378 7378 7378 7379 7379 7379 7379 7379 7387 
7387 7387 7387 7387 7387 7387 7387 7387 7387 7388 
7388 7388 7388 7388 7390 7390 7390 7390 7390 7391 
7391 7391 7391 7391 7394 7394 7394 7394 7394 7400 
7400 7400 7400 7400 7402 7402 7402 7402 7402 7403 
7403 7403 7403 7403 7407 7407 7407 7407 7407 7408 
7408 7408 7408 7408 7419 7419 7419 7419 7419 7426 
7426 7426 7426 7426 7427 7427 7427 7427 7427 7427 
7427 7427 7427 7427 7427 7427 7427 7427 7427 7436 
7436 7436 7436 7436 7439 7439 7439 7439 7439 7443 
7443 7443 7443 7443 7454 7454 7454 7454 7454 7464 
7464 7464 7464 7464 7466 7466 7466 7466 7466 7470 
7470 7470 7470 7470 7471 7471 7471 7471 7471 7489 
7489 7489 7489 7489 7492 7492 7492 7492 7492 7502 
7502 7502 7502 7502 7512 7512 7512 7512 7512 7515 
7515 7515 7515 7515 7516 7516 7516 7516 7516 7537 
7537 7537 7537 7537 7538 7538 7538 7538 7538 7545 
7545 7545 7545 7545 7553 7553 7553 7553 7553 7564 
7564 7564 7564 7564 7568 7568 7568 7568 7568 7572 
7572 7572 7572 7572 7583 7583 7583 7583 7583 7587 
7587 7587 7587 7587 7592 7592 7592 7592 7592 7619 
7619 7619 7619 7619 7623 7623 7623 7623 7623 7628 
7628 7628 7628 7628 7631 7631 7631 7631 7631 7635 
7635 7635 7635 7635 7636 7636 7636 7636 7636 7644 
7644 7644 7644 7644 7666 7666 7666 7666 7666 7683 
7683 7683 7683 7683 7690 7690 7690 7690 7690 7690 
7690 7690 7690 7690 7700 7700 7700 7700 7700 7700 
7700 7700 7700 7700 7706 7706 7706 7706 7706 7711 
7711 7711 7711 7711 7711 7711 7711 7711 7711 7712 
7712 7712 7712 7712 7714 7714 7714 7714 7714 7717 
7717 7717 7717 7717 7744 7744 7744 7744 7744 7748 
7748 7748 7748 7748 7753 7753 7753 7753 7753 7757 
7757 7757 7757 7757 7770 7770 7770 7770 7770 7771 
7771 7771 7771 7771 7773 7773 7773 7773 7773 7778 
7778 7778 7778 7778 7795 7795 7795 7795 7795 7807 
7807 7807 7807 7807 7807 7807 7807 7807 7807 7815 
7815 7815 7815 7815 7815 7815 7815 7815 7815 7831 
7831 7831 7831 7831 7834 7834 7834 7834 7834 7837 
7837 7837 7837 7837 7848 7848 7848 7848 7848 7863 
7863 7863 7863 7863 7865 7865 7865 7865 7865 7867 
7867 7867 7867 7867 7874 7874 7874 7874 7874 7880 
7880 7880 7880 7880 7882 7882 7882 7882 7882 7892 
7892 7892 7892 7892 7899 7899 7899 7899 7899 7899 
7899 7899 7899 7899 7906 7906 7906 7906 7906 7911 
7911 7911 7911 7911 7918 7918 7918 7918 7918 7919 
7919 7919 7919 7919 7931 7931 7931 7931 7931 7939 
7939 7939 7939 7939 7939 7939 7939 7939 7939 7946 
7946 7946 7946 7946 7951 7951 7951 7951 7951 7953 
7953 7953 7953 7953 7955 7955 7955 7955 7955 7985 
7985 7985 7985 7985 7990 7990 7990 7990 7990 8003 
8003 8003 8003 8003 8003 8003 8003 8003 8003 8013 
8013 8013 8013 8013 8016 8016 8016 8016 8016 8019 
8019 8019 8019 8019 8021 8021 8021 8021 8021 8022 
8022 8022 8022 8022 8023 8023 8023 8023 8023 8042 
8042 8042 8042 8042 8050 8050 8050 8050 8050 8063 
8063 8063 8063 8063 8065 8065 8065 8065 8065 8074 
8074 8074 8074 8074 8082 8082 8082 8082 8082 8088 
8088 8088 8088 8088 8088 8088 8088 8088 8088 8092 
8092 8092 8092 8092 8107 8107 8107 8107 8107 8112 
8112 8112 8112 8112 8115 8115 8115 8115 8115 8117 
8117 8117 8117 8117 8126 8126 8126 8126 8126 8135 
8135 8135 8135 8135 8152 8152 8152 8152 8152 8162 
8162 8162 8162 8162 8165 8165 8165 8165 8165 8165 
8165 8165 8165 8165 8171 8171 8171 8171 8171 8176 
8176 8176 8176 8176 8176 8176 8176 8176 8176 8178 
8178 8178 8178 8178 8182 8182 8182 8182 8182 8193 
8193 8193 8193 8193 8207 8207 8207 8207 8207 8209 
8209 8209 8209 8209 8213 8213 8213 8213 8213 8214 
8214 8214 8214 8214 8215 8215 8215 8215 8215 8218 
8218 8218 8218 8218 8220 8220 8220 8220 8220 8225 
8225 8225 8225 8225 8227 8227 8227 8227 8227 8228 
8228 8228 8228 8228 8228 8228 8228 8228 8228 8229 
8229 8229 8229 8229 8235 8235 8235 8235 8235 8235 
8235 8235 8235 8235 8241 8241 8241 8241 8241 8242 
8242 8242 8242 8242 8245 8245 8245 8245 8245 8246 
8246 8246 8246 8246 8254 8254 8254 8254 8254 8262 
8262 8262 8262 8262 8262 8262 8262 8262 8262 8268 
8268 8268 8268 8268 8275 8275 8275 8275 8275 8275 
8275 8275 8275 8275 8281 8281 8281 8281 8281 8285 
8285 8285 8285 8285 8290 8290 8290 8290 8290 8291 
8291 8291 8291 8291 8293 8293 8293 8293 8293 8297 
8297 8297 8297 8297 8299 8299 8299 8299 8299 8299 
8299 8299 8299 8299 8303 8303 8303 8303 8303 8304 
8304 8304 8304 8304 8311 8311 8311 8311 8311 8312 
8312 8312 8312 8312 8318 8318 8318 8318 8318 8319 
8319 8319 8319 8319 8325 8325 8325 8325 8325 8325 
8325 8325 8325 8325 8326 8326 8326 8326 8326 8335 
8335 8335 8335 8335 8337 8337 8337 8337 8337 8337 
8337 8337 8337 8337 8338 8338 8338 8338 8338 8343 
8343 8343 8343 8343 8349 8349 8349 8349 8349 8353 
8353 8353 8353 8353 8353 8353 8353 8353 8353 8368 
8368 8368 8368 8368 8370 8370 8370 8370 8370 8371 
8371 8371 8371 8371 8375 8375 8375 8375 8375 8375 
8375 8375 8375 8375 8379 8379 8379 8379 8379 8382 
8382 8382 8382 8382 8399 8399 8399 8399 8399 8400 
8400 8400 8400 8400 8416 8416 8416 8416 8416 8417 
8417 8417 8417 8417 8418 8418 8418 8418 8418 8423 
8423 8423 8423 8423 8427 8427 8427 8427 8427 8436 
8436 8436 8436 8436 8446 8446 8446 8446 8446 8451 
8451 8451 8451 8451 8456 8456 8456 8456 8456 8463 
8463 8463 8463 8463 8467 8467 8467 8467 8467 8475 
8475 8475 8475 8475 8483 8483 8483 8483 8483 8484 
8484 8484 8484 8484 8486 8486 8486 8486 8486 8488 
8488 8488 8488 8488 8490 8490 8490 8490 8490 8493 
8493 8493 8493 8493 8494 8494 8494 8494 8494 8502 
8502 8502 8502 8502 8504 8504 8504 8504 8504 8508 
8508 8508 8508 8508 8521 8521 8521 8521 8521 8525 
8525 8525 8525 8525 8525 8525 8525 8525 8525 8536 
8536 8536 8536 8536 8539 8539 8539 8539 8539 8542 
8542 8542 8542 8542 8571 8571 8571 8571 8571 8575 
8575 8575 8575 8575 8591 8591 8591 8591 8591 8596 
8596 8596 8596 8596 8598 8598 8598 8598 8598 8600 
8600 8600 8600 8600 8601 8601 8601 8601 8601 8607 
8607 8607 8607 8607 8609 8609 8609 8609 8609 8618 
8618 8618 8618 8618 8623 8623 8623 8623 8623 8624 
8624 8624 8624 8624 8637 8637 8637 8637 8637 8644 
8644 8644 8644 8644 8646 8646 8646 8646 8646 8647 
8647 8647 8647 8647 8650 8650 8650 8650 8650 8659 
8659 8659 8659 8659 8659 8659 8659 8659 8659 8659 
8659 8659 8659 8659 8660 8660 8660 8660 8660 8671 
8671 8671 8671 8671 8673 8673 8673 8673 8673 8682 
8682 8682 8682 8682 8686 8686 8686 8686 8686 8700 
8700 8700 8700 8700 8703 8703 8703 8703 8703 8710 
8710 8710 8710 8710 8710 8710 8710 8710 8710 8712 
8712 8712 8712 8712 8712 8712 8712 8712 8712 8722 
8722 8722 8722 8722 8724 8724 8724 8724 8724 8726 
8726 8726 8726 8726 8732 8732 8732 8732 8732 8737 
8737 8737 8737 8737 8741 8741 8741 8741 8741 8749 
8749 8749 8749 8749 8751 8751 8751 8751 8751 8752 
8752 8752 8752 8752 8754 8754 8754 8754 8754 8754 
8754 8754 8754 8754 8755 8755 8755 8755 8755 8756 
8756 8756 8756 8756 8756 8756 8756 8756 8756 8757 
8757 8757 8757 8757 8758 8758 8758 8758 8758 8763 
8763 8763 8763 8763 8769 8769 8769 8769 8769 8772 
8772 8772 8772 8772 8775 8775 8775 8775 8775 8779 
8779 8779 8779 8779 8780 8780 8780 8780 8780 8781 
8781 8781 8781 8781 8796 8796 8796 8796 8796 8798 
8798 8798 8798 8798 8798 8798 8798 8798 8798 8799 
8799 8799 8799 8799 8807 8807 8807 8807 8807 8810 
8810 8810 8810 8810 8812 8812 8812 8812 8812 8813 
8813 8813 8813 8813 8818 8818 8818 8818 8818 8821 
8821 8821 8821 8821 8822 8822 8822 8822 8822 8828 
8828 8828 8828 8828 8832 8832 8832 8832 8832 8847 
8847 8847 8847 8847 8849 8849 8849 8849 8849 8857 
8857 8857 8857 8857 8858 8858 8858 8858 8858 8865 
8865 8865 8865 8865 8868 8868 8868 8868 8868 8880 
8880 8880 8880 8880 8883 8883 8883 8883 8883 8887 
8887 8887 8887 8887 8890 8890 8890 8890 8890 8893 
8893 8893 8893 8893 8895 8895 8895 8895 8895 8898 
8898 8898 8898 8898 8905 8905 8905 8905 8905 8913 
8913 8913 8913 8913 8915 8915 8915 8915 8915 8917 
8917 8917 8917 8917 8919 8919 8919 8919 8919 8919 
8919 8919 8919 8919 8922 8922 8922 8922 8922 8923 
8923 8923 8923 8923 8926 8926 8926 8926 8926 8945 
8945 8945 8945 8945 8945 8945 8945 8945 8945 8949 
8949 8949 8949 8949 8952 8952 8952 8952 8952 8955 
8955 8955 8955 8955 8958 8958 8958 8958 8958 8959 
8959 8959 8959 8959 8968 8968 8968 8968 8968 8970 
8970 8970 8970 8970 8970 8970 8970 8970 8970 8972 
8972 8972 8972 8972 8980 8980 8980 8980 8980 8989 
8989 8989 8989 8989 8989 8989 8989 8989 8989 9004 
9004 9004 9004 9004 9006 9006 9006 9006 9006 9010 
9010 9010 9010 9010 9015 9015 9015 9015 9015 9024 
9024 9024 9024 9024 9031 9031 9031 9031 9031 9033 
9033 9033 9033 9033 9036 9036 9036 9036 9036 9039 
9039 9039 9039 9039 9039 9039 9039 9039 9039 9040 
9040 9040 9040 9040 9043 9043 9043 9043 9043 9048 
9048 9048 9048 9048 9060 9060 9060 9060 9060 9067 
9067 9067 9067 9067 9070 9070 9070 9070 9070 9071 
9071 9071 9071 9071 9073 9073 9073 9073 9073 9079 
9079 9079 9079 9079 9079 9079 9079 9079 9079 9083 
9083 9083 9083 9083 9087 9087 9087 9087 9087 9088 
9088 9088 9088 9088 9096 9096 9096 9096 9096 9102 
9102 9102 9102 9102 9109 9109 9109 9109 9109 9111 
9111 9111 9111 9111 9112 9112 9112 9112 9112 9121 
9121 9121 9121 9121 9127 9127 9127 9127 9127 9132 
9132 9132 9132 9132 9140 9140 9140 9140 9140 9148 
9148 9148 9148 9148 9149 9149 9149 9149 9149 9153 
9153 9153 9153 9153 9156 9156 9156 9156 9156 9159 
9159 9159 9159 9159 9164 9164 9164 9164 9164 9167 
9167 9167 9167 9167 9169 9169 9169 9169 9169 9179 
9179 9179 9179 9179 9188 9188 9188 9188 9188 9196 
9196 9196 9196 9196 9200 9200 9200 9200 9200 9210 
9210 9210 9210 9210 9210 9210 9210 9210 9210 9217 
9217 9217 9217 9217 9217 9217 9217 9217 9217 9219 
9219 9219 9219 9219 9224 9224 9224 9224 9224 9242 
9242 9242 9242 9242 9248 9248 9248 9248 9248 9263 
9263 9263 9263 9263 9268 9268 9268 9268 9268 9274 
9274 9274 9274 9274 9281 9281 9281 9281 9281 9288 
9288 9288 9288 9288 9293 9293 9293 9293 9293 9305 
9305 9305 9305 9305 9314 9314 9314 9314 9314 9321 
9321 9321 9321 9321 9324 9324 9324 9324 9324 9324 
9324 9324 9324 9324 9332 9332 9332 9332 9332 9336 
9336 9336 9336 9336 9343 9343 9343 9343 9343 9346 
9346 9346 9346 9346 9347 9347 9347 9347 9347 9349 
9349 9349 9349 9349 9351 9351 9351 9351 9351 9360 
9360 9360 9360 9360 9361 9361 9361 9361 9361 9364 
9364 9364 9364 9364 9372 9372 9372 9372 9372 9379 
9379 9379 9379 9379 9386 9386 9386 9386 9386 9388 
9388 9388 9388 9388 9389 9389 9389 9389 9389 9398 
9398 9398 9398 9398 9414 9414 9414 9414 9414 9417 
9417 9417 9417 9417 9418 9418 9418 9418 9418 9430 
9430 9430 9430 9430 9438 9438 9438 9438 9438 9448 
9448 9448 9448 9448 9454 9454 9454 9454 9454 9454 
9454 9454 9454 9454 9455 9455 9455 9455 9455 9459 
9459 9459 9459 9459 9471 9471 9471 9471 9471 9472 
9472 9472 9472 9472 9474 9474 9474 9474 9474 9475 
9475 9475 9475 9475 9499 9499 9499 9499 9499 9500 
9500 9500 9500 9500 9525 9525 9525 9525 9525 9526 
9526 9526 9526 9526 9527 9527 9527 9527 9527 9532 
9532 9532 9532 9532 9541 9541 9541 9541 9541 9564 
9564 9564 9564 9564 9579 9579 9579 9579 9579 9582 
9582 9582 9582 9582 9584 9584 9584 9584 9584 9586 
9586 9586 9586 9586 9589 9589 9589 9589 9589 9592 
9592 9592 9592 9592 9600 9600 9600 9600 9600 9602 
9602 9602 9602 9602 9605 9605 9605 9605 9605 9613 
9613 9613 9613 9613 9614 9614 9614 9614 9614 9618 
9618 9618 9618 9618 9619 9619 9619 9619 9619 9622 
9622 9622 9622 9622 9624 9624 9624 9624 9624 9630 
9630 9630 9630 9630 9630 9630 9630 9630 9630 9632 
9632 9632 9632 9632 9642 9642 9642 9642 9642 9648 
9648 9648 9648 9648 9650 9650 9650 9650 9650 9687 
9687 9687 9687 9687 9692 9692 9692 9692 9692 9694 
9694 9694 9694 9694 9711 9711 9711 9711 9711 9714 
9714 9714 9714 9714 9722 9722 9722 9722 9722 9726 
9726 9726 9726 9726 9735 9735 9735 9735 9735 9743 
9743 9743 9743 9743 9751 9751 9751 9751 9751 9757 
9757 9757 9757 9757 9770 9770 9770 9770 9770 9773 
9773 9773 9773 9773 9779 9779 9779 9779 9779 9783 
9783 9783 9783 9783 9790 9790 9790 9790 9790 9796 
9796 9796 9796 9796 9796 9796 9796 9796 9796 9798 
9798 9798 9798 9798 9800 9800 9800 9800 9800 9804 
9804 9804 9804 9804 9809 9809 9809 9809 9809 9817 
9817 9817 9817 9817 9827 9827 9827 9827 9827 9827 
9827 9827 9827 9827 9830 9830 9830 9830 9830 9833 
9833 9833 9833 9833 9841 9841 9841 9841 9841 9850 
9850 9850 9850 9850 9851 9851 9851 9851 9851 9854 
9854 9854 9854 9854 9856 9856 9856 9856 9856 9864 
9864 9864 9864 9864 9866 9866 9866 9866 9866 9867 
9867 9867 9867 9867 9872 9872 9872 9872 9872 9874 
9874 9874 9874 9874 9897 9897 9897 9897 9897 9904 
9904 9904 9904 9904 9914 9914 9914 9914 9914 9919 
9919 9919 9919 9919 9924 9924 9924 9924 9924 9930 
9930 9930 9930 9930 9931 9931 9931 9931 9931 9933 
9933 9933 9933 9933 9939 9939 9939 9939 9939 9940 
9940 9940 9940 9940 9941 9941 9941 9941 9941 9941 
9941 9941 9941 9941 9946 9946 9946 9946 9946 9946 
9946 9946 9946 9946 9947 9947 9947 9947 9947 9948 
9948 9948 9948 9948 9970 9970 9970 9970 9970 9972 
9972 9972 9972 9972 9982 9982 9982 9982 9982 9984 
9984 9984 9984 9984 9988 9988 9988 9988 9988 9989 
9989 9989 9989 9989 9993 9993 9993 9993 9993 
