insertion_unique_1000.txt datasize: 1000: 1 1 1 1 1 21 21 21 21 21 40 
40 40 40 40 43 43 43 43 43 52 
52 52 52 52 55 55 55 55 55 62 
62 62 62 62 63 63 63 63 63 68 
68 68 68 68 71 71 71 71 71 71 
71 71 71 71 72 72 72 72 72 76 
76 76 76 76 78 78 78 78 78 91 
91 91 91 91 92 92 92 92 92 94 
94 94 94 94 97 97 97 97 97 99 
99 99 99 99 100 100 100 100 100 103 
103 103 103 103 111 111 111 111 111 146 
146 146 146 146 162 162 162 162 162 168 
168 168 168 168 171 171 171 171 171 181 
181 181 181 181 189 189 189 189 189 192 
192 192 192 192 209 209 209 209 209 211 
211 211 211 211 222 222 222 222 222 224 
224 224 224 224 233 233 233 233 233 235 
235 235 235 235 236 236 236 236 236 249 
249 249 249 249 250 250 250 250 250 253 
253 253 253 253 257 257 257 257 257 263 
263 263 263 263 270 270 270 270 270 282 
282 282 282 282 282 282 282 282 282 286 
286 286 286 286 290 290 290 290 290 291 
291 291 291 291 296 296 296 296 296 298 
298 298 298 298 299 299 299 299 299 301 
301 301 301 301 307 307 307 307 307 313 
313 313 313 313 316 316 316 316 316 321 
321 321 321 321 322 322 322 322 322 327 
327 327 327 327 329 329 329 329 329 335 
335 335 335 335 345 345 345 345 345 361 
361 361 361 361 363 363 363 363 363 365 
365 365 365 365 367 367 367 367 367 374 
374 374 374 374 377 377 377 377 377 383 
383 383 383 383 384 384 384 384 384 393 
393 393 393 393 393 393 393 393 393 393 
393 393 393 393 400 400 400 400 400 401 
401 401 401 401 410 410 410 410 410 411 
411 411 411 411 418 418 418 418 418 419 
419 419 419 419 420 420 420 420 420 424 
424 424 424 424 424 424 424 424 424 428 
428 428 428 428 432 432 432 432 432 445 
445 445 445 445 449 449 449 449 449 454 
454 454 454 454 457 457 457 457 457 467 
467 467 467 467 470 470 470 470 470 482 
482 482 482 482 485 485 485 485 485 485 
485 485 485 485 487 487 487 487 487 489 
489 489 489 489 506 506 506 506 506 509 
509 509 509 509 513 513 513 513 513 518 
518 518 518 518 531 531 531 531 531 535 
535 535 535 535 543 543 543 543 543 547 
547 547 547 547 548 548 548 548 548 554 
554 554 554 554 555 555 555 555 555 563 
563 563 563 563 565 565 565 565 565 566 
566 566 566 566 566 566 566 566 566 572 
572 572 572 572 574 574 574 574 574 580 
580 580 580 580 586 586 586 586 586 587 
587 587 587 587 587 587 587 587 587 603 
603 603 603 603 603 603 603 603 603 605 
605 605 605 605 606 606 606 606 606 609 
609 609 609 609 615 615 615 615 615 620 
620 620 620 620 629 629 629 629 629 642 
642 642 642 642 644 644 644 644 644 650 
650 650 650 650 665 665 665 665 665 665 
665 665 665 665 672 672 672 672 672 673 
673 673 673 673 682 682 682 682 682 684 
684 684 684 684 691 691 691 691 691 692 
692 692 692 692 693 693 693 693 693 701 
701 701 701 701 704 704 704 704 704 706 
706 706 706 706 712 712 712 712 712 713 
713 713 713 713 724 724 724 724 724 726 
726 726 726 726 730 730 730 730 730 740 
740 740 740 740 741 741 741 741 741 744 
744 744 744 744 745 745 745 745 745 751 
751 751 751 751 754 754 754 754 754 756 
756 756 756 756 771 771 771 771 771 771 
771 771 771 771 772 772 772 772 772 779 
779 779 779 779 787 787 787 787 787 788 
788 788 788 788 795 795 795 795 795 795 
795 795 795 795 798 798 798 798 798 800 
800 800 800 800 804 804 804 804 804 808 
808 808 808 808 810 810 810 810 810 816 
816 816 816 816 818 818 818 818 818 822 
822 822 822 822 823 823 823 823 823 823 
823 823 823 823 828 828 828 828 828 828 
828 828 828 828 832 832 832 832 832 842 
842 842 842 842 843 843 843 843 843 843 
843 843 843 843 845 845 845 845 845 847 
847 847 847 847 852 852 852 852 852 853 
853 853 853 853 876 876 876 876 876 882 
882 882 882 882 895 895 895 895 895 896 
896 896 896 896 909 909 909 909 909 914 
914 914 914 914 923 923 923 923 923 938 
938 938 938 938 942 942 942 942 942 949 
949 949 949 949 953 953 953 953 953 957 
957 957 957 957 960 960 960 960 960 966 
966 966 966 966 968 968 968 968 968 972 
972 972 972 972 974 974 974 974 974 976 
976 976 976 976 983 983 983 983 983 984 
984 984 984 984 986 986 986 986 986 989 
989 989 989 989 997 997 997 997 997 
