insertion_random_1000.txt datasize: 1000: 2 3 3 4 7 7 7 7 8 9 10 
11 13 13 15 16 16 18 19 23 24 
25 26 28 29 31 31 32 32 33 34 
36 37 37 37 41 43 43 43 43 47 
47 47 48 48 49 51 52 53 56 56 
56 58 63 63 68 68 69 69 69 69 
70 71 71 71 74 75 76 76 78 78 
81 82 83 83 83 84 86 86 87 88 
90 90 91 91 92 94 94 97 98 99 
100 101 101 102 102 102 103 103 104 104 
104 105 105 106 106 108 108 109 109 109 
111 111 111 112 112 113 114 114 114 115 
116 116 118 121 125 127 130 131 131 132 
136 138 139 139 140 141 143 143 143 146 
146 147 150 150 152 158 160 160 161 165 
166 168 168 169 170 170 171 171 172 173 
173 175 175 175 176 177 178 179 179 180 
184 184 185 186 188 189 189 190 192 192 
192 193 193 193 193 196 196 197 198 202 
203 204 204 204 207 207 207 209 209 211 
214 214 215 216 218 220 221 222 223 224 
225 225 226 227 229 231 232 233 235 235 
235 238 238 240 240 241 245 246 247 247 
247 251 252 254 255 255 256 256 258 258 
258 264 266 266 266 267 267 268 268 269 
269 272 273 273 273 274 277 277 278 281 
281 282 284 286 288 291 291 292 293 293 
294 295 297 297 297 297 299 300 301 302 
303 303 304 305 306 306 307 308 309 309 
311 311 314 314 315 319 321 324 326 328 
328 328 328 328 329 329 331 331 332 332 
333 333 334 335 336 336 337 338 340 340 
340 341 342 344 346 348 348 349 350 351 
352 353 354 355 357 357 358 358 359 359 
359 359 359 360 360 361 361 361 362 363 
364 365 365 365 366 367 367 368 368 368 
368 371 371 374 374 377 377 378 381 381 
381 382 382 384 384 384 384 386 386 387 
388 388 389 389 389 390 391 394 394 394 
396 397 398 399 402 402 403 403 405 405 
405 406 406 408 409 409 409 411 411 411 
411 412 413 413 414 414 415 415 416 416 
417 417 418 419 419 419 419 421 422 426 
428 428 428 430 431 434 435 436 436 437 
438 440 440 442 443 446 446 446 447 448 
449 450 450 451 453 453 453 456 456 458 
461 462 462 463 464 464 464 465 465 468 
474 475 475 476 476 477 478 478 478 478 
480 480 481 486 486 486 487 488 489 492 
492 494 495 496 496 497 498 498 500 500 
501 503 505 505 505 505 508 508 509 510 
511 512 512 514 515 516 517 517 518 519 
520 522 523 524 524 524 524 524 525 525 
527 527 528 529 530 531 532 533 536 538 
540 541 541 542 543 545 546 546 549 550 
550 552 552 553 554 556 557 558 560 560 
561 563 564 564 565 566 566 569 570 571 
573 577 578 578 581 581 582 584 584 585 
585 587 587 589 590 593 593 593 593 593 
594 596 596 602 602 603 603 604 606 606 
606 607 610 610 611 612 612 613 613 615 
616 616 617 618 619 619 621 626 626 627 
627 628 630 631 632 633 634 636 637 638 
639 639 640 641 642 643 643 644 644 645 
646 646 649 650 653 655 656 657 657 659 
660 660 662 662 670 671 672 673 673 673 
674 674 677 678 679 680 680 680 681 682 
683 683 684 685 686 686 688 689 689 689 
690 692 693 694 694 697 698 700 700 701 
701 704 705 705 707 707 708 709 709 712 
713 713 714 716 716 717 719 721 724 724 
724 728 730 730 731 734 736 736 736 737 
737 738 740 742 744 745 747 747 747 747 
748 749 749 750 750 757 757 758 759 760 
760 761 761 762 762 762 767 768 768 769 
769 771 771 771 773 774 774 774 775 777 
778 780 782 782 782 783 784 784 784 786 
787 788 789 789 791 791 792 793 793 794 
794 795 796 798 798 798 800 801 802 803 
803 805 806 809 810 810 812 813 814 815 
816 816 818 818 819 820 822 822 823 823 
823 823 823 824 824 826 826 827 828 829 
833 834 834 834 835 838 841 841 841 843 
844 844 848 850 850 851 851 852 855 855 
858 859 860 860 861 862 862 863 865 865 
866 866 867 867 868 869 869 869 869 872 
873 874 875 876 877 877 879 879 880 881 
882 882 883 883 883 884 885 887 891 891 
892 897 897 899 900 901 903 903 907 909 
910 912 913 913 913 913 915 918 919 921 
921 922 922 923 926 926 928 930 930 932 
932 933 933 934 935 935 936 937 939 940 
941 941 941 943 944 944 945 946 946 947 
947 949 950 951 954 954 954 954 954 955 
955 957 959 959 960 960 960 961 962 962 
963 963 964 966 966 966 966 966 967 967 
967 967 968 970 970 970 971 971 972 974 
975 976 978 979 980 980 980 980 980 982 
982 983 984 985 986 989 990 990 991 992 
993 993 995 995 995 997 998 999 999 
