merge_partial_1000.txt datasize: 1000: 1 2 2 3 3 4 6 6 6 11 13 
15 16 18 19 21 22 24 26 28 28 
31 32 33 35 37 38 38 38 39 39 
40 41 42 43 43 46 46 47 47 48 
48 49 50 50 52 53 53 54 55 57 
57 58 60 62 62 63 65 68 71 71 
71 72 73 73 73 74 75 76 76 77 
78 78 78 79 79 80 80 82 82 83 
85 86 87 88 88 89 89 91 92 92 
92 94 99 99 100 102 102 102 102 103 
103 107 108 111 111 111 111 112 114 115 
115 115 117 117 117 117 118 118 119 120 
121 123 125 126 127 128 129 130 130 132 
132 132 135 135 137 141 142 146 148 148 
151 152 153 155 156 157 159 162 162 164 
165 166 166 167 168 168 168 170 171 172 
175 175 176 176 178 178 180 180 181 185 
185 186 188 188 189 190 191 192 196 196 
201 203 208 209 209 210 210 211 212 213 
215 216 217 219 220 222 222 224 224 224 
225 226 227 229 230 230 230 231 233 235 
235 235 236 236 239 239 242 242 246 247 
247 247 249 249 250 250 251 253 254 256 
257 257 257 258 259 259 260 263 263 264 
264 265 266 267 268 268 269 269 270 274 
275 276 278 279 279 281 282 282 282 282 
283 285 285 286 286 288 288 290 290 291 
292 293 294 296 296 298 299 299 300 301 
302 303 303 303 303 304 305 305 307 307 
309 312 312 312 314 316 316 318 319 321 
322 324 325 326 326 327 329 329 329 330 
332 333 335 339 343 343 345 347 348 350 
352 352 354 355 357 358 359 360 361 361 
363 363 364 364 365 366 367 369 369 369 
370 370 370 372 373 373 374 375 375 375 
376 377 377 379 380 382 382 383 384 384 
386 387 387 388 389 392 393 393 393 393 
394 394 395 397 398 398 399 400 400 400 
402 403 403 404 405 406 407 407 408 410 
411 412 412 412 412 413 413 417 418 418 
419 419 419 419 420 420 420 423 423 424 
424 424 425 425 426 427 427 427 428 430 
431 432 432 433 436 436 438 439 439 442 
442 443 443 445 446 446 446 447 449 449 
450 453 454 454 454 455 455 456 457 457 
459 460 463 463 465 465 467 470 470 470 
472 472 473 475 477 481 482 482 483 485 
485 486 487 488 488 489 490 492 493 494 
495 496 497 501 501 502 504 506 507 507 
507 508 509 510 511 511 512 512 513 513 
514 514 515 518 518 518 520 521 521 523 
524 525 525 526 527 528 531 531 532 532 
535 535 535 536 536 537 537 538 538 539 
540 540 541 543 543 545 547 548 549 553 
553 554 555 555 559 560 562 563 563 563 
565 566 566 567 567 568 568 568 568 569 
570 571 571 571 572 572 572 574 574 575 
575 576 577 578 579 580 581 582 583 584 
585 586 586 586 587 587 589 589 591 592 
593 594 595 596 597 599 599 599 600 603 
603 605 605 605 606 606 606 607 609 609 
611 614 615 615 618 618 619 620 623 623 
624 624 624 629 629 629 631 633 633 634 
635 635 636 638 638 640 642 642 643 644 
644 644 648 648 649 650 650 651 652 654 
659 660 660 663 664 665 665 668 669 671 
671 671 672 672 673 673 674 676 678 679 
680 680 681 681 682 682 683 684 685 687 
687 688 689 691 692 692 693 699 700 701 
701 702 702 703 703 704 705 705 706 706 
706 707 708 709 709 710 711 712 712 712 
712 713 713 714 714 714 716 717 722 722 
722 724 725 726 726 726 727 730 730 731 
732 733 734 736 737 739 740 741 741 742 
743 743 743 744 745 746 747 747 750 751 
751 751 751 751 754 754 755 756 756 756 
758 758 763 769 769 770 770 771 771 772 
775 776 777 778 779 779 779 779 779 780 
781 781 782 782 785 786 786 787 787 788 
789 789 790 791 791 793 793 795 795 796 
797 797 798 798 799 800 802 803 804 804 
804 804 805 807 808 810 810 811 813 813 
814 815 815 816 816 817 817 818 818 819 
820 821 821 822 823 823 824 824 826 827 
828 828 828 831 832 832 832 834 835 835 
836 838 838 839 841 842 843 843 843 845 
845 846 847 848 849 850 850 851 852 853 
854 855 858 862 863 864 866 868 868 868 
871 873 873 874 876 878 881 882 883 885 
885 892 895 895 896 898 898 899 899 904 
906 906 906 908 909 910 911 911 911 911 
913 914 914 917 917 919 919 919 920 921 
922 922 922 923 924 924 925 926 930 931 
931 935 937 937 938 939 939 939 940 940 
941 941 942 945 946 946 946 946 947 948 
949 952 953 953 953 955 955 956 956 956 
956 957 958 958 959 960 960 964 966 968 
968 969 970 970 972 972 972 974 975 976 
979 980 981 982 983 984 986 986 986 987 
989 989 993 995 997 997 998 999 999 
