merge_partial_10000.txt datasize: 10000: 1 2 2 3 3 9 9 9 10 10 10 
10 10 12 14 20 21 22 22 25 25 
25 29 29 30 31 31 34 34 35 35 
36 37 39 39 39 39 39 40 40 43 
44 44 44 45 46 46 47 47 47 48 
48 49 50 51 52 53 53 53 54 56 
56 58 58 59 60 60 61 63 63 63 
63 64 64 66 68 68 68 69 70 71 
71 72 72 74 74 74 74 75 78 80 
82 82 84 85 88 92 92 93 93 94 
94 95 97 97 97 98 99 102 102 103 
104 105 105 106 109 110 113 113 114 114 
116 117 118 119 120 121 122 123 126 127 
128 129 130 133 136 136 137 139 140 143 
145 146 146 146 148 150 151 152 153 153 
154 155 155 156 157 157 157 161 162 167 
167 167 169 169 170 170 173 174 174 175 
175 175 176 177 177 177 178 180 180 182 
183 184 186 188 188 191 191 197 198 199 
199 203 204 204 205 208 208 212 212 212 
215 218 218 219 219 220 221 223 225 226 
226 226 226 229 229 229 231 232 232 233 
234 234 234 234 235 238 238 240 241 243 
243 245 246 247 247 252 252 253 253 254 
255 257 258 259 261 261 264 265 267 267 
268 268 270 270 270 270 271 272 272 273 
274 274 274 277 279 280 280 281 282 283 
283 284 285 287 288 289 294 294 295 298 
299 299 301 301 304 304 305 306 307 308 
309 310 313 315 315 320 320 321 324 326 
326 329 330 330 330 332 333 333 333 333 
334 334 337 338 339 341 342 343 344 345 
348 348 352 354 355 357 358 359 359 360 
361 361 362 362 363 363 363 364 364 365 
366 366 367 367 367 369 370 370 370 370 
371 373 373 374 376 377 378 379 379 379 
381 381 382 383 383 383 385 387 387 388 
389 390 390 391 392 394 396 397 398 400 
400 402 402 403 404 404 404 406 406 406 
407 408 410 410 411 414 414 415 417 418 
421 421 422 424 424 425 425 425 426 427 
427 428 429 432 434 434 436 439 439 440 
440 440 442 443 444 444 444 445 450 452 
452 453 455 456 457 459 460 460 461 462 
462 462 463 463 463 464 465 465 466 466 
467 468 470 470 471 471 472 474 474 476 
477 477 477 480 482 482 483 483 484 486 
487 487 488 489 496 497 497 499 501 501 
501 502 502 506 506 507 512 514 515 516 
516 516 519 520 521 521 525 525 527 528 
528 528 530 531 532 532 532 533 533 533 
533 533 534 536 537 537 537 538 538 539 
539 539 540 540 541 542 543 543 544 544 
544 545 545 547 548 548 550 553 553 555 
556 557 557 558 558 560 561 565 565 566 
566 566 567 567 568 568 568 569 569 570 
571 572 572 573 574 576 576 578 578 579 
580 580 580 581 582 583 583 584 584 589 
589 590 592 592 592 593 593 594 594 597 
598 600 601 601 603 605 605 607 607 608 
610 612 613 614 615 616 616 617 619 619 
620 620 620 621 622 624 625 625 627 629 
629 629 629 630 630 632 635 638 639 639 
640 642 642 643 644 644 645 645 646 647 
648 650 652 652 653 654 656 657 657 664 
667 668 670 674 675 677 677 678 678 679 
679 681 683 683 683 684 684 684 686 686 
688 690 691 692 692 693 694 695 696 696 
696 696 696 698 698 699 700 700 702 702 
704 705 705 705 706 707 707 707 708 709 
709 709 709 709 710 711 711 713 713 715 
715 716 719 719 720 720 720 722 724 725 
725 727 727 733 735 735 735 736 738 738 
740 741 741 742 742 743 743 743 745 746 
746 746 748 750 751 756 756 758 759 759 
763 763 763 764 764 765 765 766 766 769 
769 770 770 770 770 771 773 774 774 774 
775 776 778 778 779 780 781 784 785 785 
786 786 786 787 787 787 788 790 790 791 
792 794 794 795 796 797 798 799 800 801 
801 804 804 806 807 807 808 809 810 812 
813 813 813 814 815 815 819 820 821 823 
823 826 827 828 828 828 829 829 829 830 
831 831 832 833 833 833 834 835 836 837 
838 841 841 844 847 849 850 850 852 853 
853 854 855 855 855 856 856 857 858 859 
861 862 864 866 866 867 867 868 870 870 
872 872 873 875 875 876 876 878 879 883 
884 884 885 888 888 890 891 892 892 893 
893 893 894 895 898 898 899 899 902 904 
904 906 907 907 907 907 908 909 910 911 
912 913 916 916 919 920 920 920 923 924 
924 928 928 928 928 929 929 930 930 931 
931 931 932 932 934 935 935 936 938 940 
943 943 947 947 949 949 950 950 952 952 
952 954 955 955 960 960 962 962 962 965 
966 966 968 968 968 969 970 971 971 973 
973 974 975 976 976 977 977 978 982 982 
983 984 984 985 989 989 989 990 990 990 
991 991 992 992 993 995 997 1000 1001 1001 
1002 1004 1006 1007 1008 1009 1009 1011 1012 1013 
1013 1014 1015 1015 1016 1016 1017 1018 1018 1020 
1020 1020 1020 1020 1021 1021 1022 1022 1026 1026 
1027 1027 1028 1030 1030 1031 1032 1032 1033 1033 
1034 1037 1038 1038 1039 1040 1041 1043 1045 1046 
1047 1048 1049 1049 1050 1050 1050 1052 1053 1053 
1054 1054 1055 1055 1056 1057 1058 1062 1063 1063 
1065 1066 1066 1067 1070 1071 1071 1072 1072 1074 
1074 1075 1077 1077 1078 1078 1078 1079 1079 1080 
1080 1082 1083 1083 1084 1085 1086 1087 1088 1088 
1089 1090 1090 1090 1092 1094 1096 1096 1098 1101 
1101 1103 1104 1104 1105 1106 1106 1107 1108 1110 
1110 1112 1112 1112 1112 1113 1113 1114 1115 1119 
1124 1124 1125 1126 1126 1126 1127 1128 1132 1132 
1133 1133 1133 1135 1139 1140 1140 1141 1143 1144 
1144 1144 1144 1147 1148 1153 1154 1155 1155 1155 
1156 1159 1159 1160 1161 1161 1162 1162 1163 1164 
1164 1164 1165 1165 1166 1166 1166 1168 1170 1170 
1171 1173 1173 1174 1174 1174 1175 1177 1177 1179 
1180 1182 1182 1182 1182 1183 1183 1188 1191 1193 
1194 1194 1194 1194 1195 1195 1195 1196 1196 1197 
1198 1200 1200 1201 1201 1205 1206 1206 1206 1207 
1208 1208 1209 1211 1211 1212 1213 1213 1213 1216 
1217 1217 1218 1219 1221 1224 1224 1225 1225 1227 
1227 1227 1227 1230 1230 1230 1232 1232 1233 1233 
1233 1234 1234 1235 1236 1237 1239 1239 1239 1240 
1242 1242 1243 1243 1244 1244 1244 1245 1246 1247 
1248 1248 1250 1250 1250 1251 1251 1251 1251 1253 
1254 1256 1257 1258 1258 1258 1258 1258 1259 1260 
1262 1263 1265 1266 1266 1267 1268 1269 1269 1270 
1270 1272 1272 1272 1272 1273 1273 1273 1274 1277 
1278 1280 1280 1283 1283 1285 1286 1288 1289 1290 
1291 1291 1292 1294 1294 1294 1295 1295 1297 1298 
1298 1299 1299 1301 1302 1305 1308 1309 1311 1313 
1314 1314 1315 1315 1316 1316 1317 1318 1319 1321 
1322 1322 1326 1326 1328 1328 1329 1329 1329 1331 
1332 1332 1334 1334 1334 1336 1336 1336 1337 1339 
1339 1341 1341 1341 1343 1345 1346 1348 1348 1348 
1349 1351 1351 1351 1352 1352 1354 1354 1354 1356 
1357 1357 1357 1357 1357 1358 1359 1360 1361 1363 
1364 1365 1365 1367 1367 1368 1370 1371 1372 1372 
1373 1375 1377 1377 1381 1382 1382 1383 1383 1383 
1383 1387 1388 1389 1391 1391 1393 1396 1397 1398 
1401 1404 1406 1406 1408 1408 1408 1408 1409 1411 
1411 1412 1414 1414 1415 1416 1419 1421 1423 1424 
1424 1424 1426 1429 1432 1432 1433 1434 1434 1436 
1436 1436 1440 1443 1444 1446 1450 1451 1452 1452 
1453 1453 1454 1457 1457 1457 1461 1463 1463 1465 
1466 1467 1469 1470 1471 1474 1475 1476 1477 1478 
1480 1481 1482 1482 1482 1483 1484 1485 1485 1487 
1488 1489 1489 1489 1490 1491 1492 1493 1494 1495 
1496 1496 1497 1497 1498 1499 1499 1499 1499 1500 
1501 1501 1502 1503 1504 1505 1506 1508 1509 1510 
1511 1512 1512 1513 1513 1515 1517 1517 1519 1522 
1523 1523 1524 1524 1524 1525 1526 1527 1533 1535 
1536 1536 1537 1539 1539 1541 1545 1546 1546 1547 
1547 1548 1548 1550 1550 1551 1552 1553 1553 1555 
1555 1556 1556 1557 1558 1559 1560 1560 1561 1562 
1564 1564 1564 1565 1567 1567 1569 1569 1570 1571 
1572 1575 1576 1577 1578 1580 1581 1581 1582 1582 
1582 1582 1583 1584 1586 1586 1586 1587 1589 1590 
1596 1598 1598 1599 1600 1603 1603 1604 1605 1606 
1606 1607 1608 1608 1611 1613 1616 1616 1616 1616 
1618 1619 1619 1623 1623 1623 1624 1625 1625 1625 
1625 1625 1626 1627 1628 1629 1629 1632 1632 1632 
1633 1634 1634 1635 1637 1638 1641 1643 1643 1644 
1644 1645 1645 1645 1646 1647 1648 1648 1650 1650 
1652 1652 1653 1655 1656 1656 1656 1657 1657 1657 
1660 1660 1661 1662 1662 1662 1663 1664 1664 1667 
1667 1668 1668 1670 1671 1672 1672 1672 1673 1674 
1675 1676 1678 1678 1681 1684 1688 1688 1689 1690 
1690 1690 1692 1692 1695 1697 1698 1698 1699 1699 
1699 1700 1701 1701 1702 1703 1703 1703 1704 1707 
1707 1708 1712 1712 1713 1716 1716 1717 1718 1718 
1719 1719 1719 1720 1720 1721 1722 1722 1723 1723 
1724 1725 1726 1728 1728 1729 1729 1730 1730 1730 
1731 1731 1735 1735 1738 1738 1739 1739 1740 1741 
1741 1742 1742 1743 1744 1744 1745 1750 1750 1752 
1752 1752 1753 1754 1757 1760 1761 1761 1761 1762 
1762 1762 1762 1763 1763 1764 1764 1764 1765 1766 
1767 1768 1770 1771 1772 1778 1781 1781 1782 1782 
1783 1784 1785 1786 1787 1789 1789 1789 1789 1789 
1791 1792 1793 1794 1795 1797 1798 1799 1800 1802 
1803 1804 1805 1805 1806 1806 1807 1807 1807 1808 
1810 1811 1812 1812 1816 1816 1816 1816 1817 1819 
1819 1821 1822 1823 1824 1825 1825 1827 1827 1830 
1831 1832 1832 1833 1833 1834 1834 1835 1835 1836 
1836 1837 1838 1838 1839 1840 1842 1842 1844 1844 
1845 1845 1846 1846 1846 1848 1849 1850 1851 1852 
1853 1853 1855 1855 1856 1857 1857 1860 1861 1862 
1863 1863 1863 1864 1867 1867 1871 1874 1875 1877 
1878 1878 1878 1879 1880 1880 1884 1885 1885 1886 
1887 1888 1889 1889 1889 1891 1892 1892 1893 1894 
1897 1900 1900 1903 1903 1904 1904 1905 1907 1908 
1910 1910 1912 1913 1915 1915 1918 1919 1920 1923 
1923 1926 1926 1928 1929 1930 1933 1933 1934 1935 
1935 1937 1938 1941 1941 1941 1942 1943 1944 1944 
1945 1945 1947 1948 1949 1949 1951 1953 1955 1958 
1960 1960 1960 1961 1962 1962 1963 1963 1964 1965 
1965 1965 1965 1968 1968 1969 1972 1972 1975 1975 
1977 1978 1978 1979 1980 1980 1982 1982 1983 1985 
1985 1986 1990 1991 1992 1993 1994 1994 1995 1995 
1997 1997 1998 1999 1999 2000 2002 2004 2005 2007 
2008 2009 2010 2011 2011 2013 2015 2016 2017 2017 
2019 2024 2024 2025 2025 2025 2026 2026 2027 2028 
2030 2030 2031 2031 2033 2033 2033 2035 2035 2035 
2036 2037 2037 2037 2037 2039 2039 2039 2042 2043 
2045 2046 2047 2049 2052 2052 2053 2053 2053 2054 
2054 2056 2056 2058 2059 2059 2060 2061 2061 2062 
2063 2064 2065 2065 2066 2067 2068 2068 2070 2070 
2072 2073 2076 2078 2079 2079 2081 2082 2082 2085 
2085 2086 2086 2086 2087 2088 2088 2089 2089 2090 
2092 2093 2093 2094 2096 2098 2098 2099 2099 2100 
2100 2101 2103 2108 2109 2112 2113 2115 2115 2116 
2116 2118 2118 2122 2123 2125 2125 2125 2125 2126 
2127 2127 2127 2128 2131 2132 2132 2133 2133 2133 
2134 2135 2135 2137 2137 2138 2138 2140 2140 2140 
2141 2142 2142 2144 2145 2146 2146 2147 2148 2149 
2150 2151 2155 2156 2156 2159 2160 2160 2163 2164 
2164 2165 2166 2170 2171 2171 2173 2174 2176 2176 
2176 2178 2180 2182 2182 2183 2183 2186 2187 2187 
2187 2188 2188 2189 2189 2190 2191 2191 2191 2194 
2194 2194 2196 2198 2198 2199 2200 2201 2202 2203 
2206 2207 2207 2208 2209 2214 2215 2216 2217 2220 
2220 2220 2221 2221 2223 2224 2224 2226 2227 2229 
2231 2232 2232 2234 2234 2234 2235 2236 2237 2238 
2239 2239 2241 2241 2241 2241 2241 2242 2242 2242 
2242 2244 2244 2246 2247 2248 2248 2251 2251 2252 
2252 2255 2256 2257 2258 2258 2261 2262 2263 2264 
2264 2265 2265 2266 2266 2266 2267 2270 2271 2271 
2272 2273 2273 2274 2274 2274 2275 2275 2275 2276 
2278 2279 2280 2281 2283 2284 2285 2285 2285 2286 
2286 2287 2288 2288 2291 2291 2291 2293 2294 2294 
2295 2295 2296 2296 2296 2298 2298 2298 2298 2299 
2300 2301 2301 2302 2304 2304 2306 2306 2306 2306 
2307 2308 2308 2310 2311 2311 2312 2312 2312 2313 
2313 2314 2316 2317 2319 2320 2320 2321 2321 2322 
2322 2324 2325 2326 2326 2326 2329 2331 2331 2331 
2332 2334 2335 2335 2335 2336 2337 2339 2339 2340 
2341 2342 2344 2344 2348 2348 2348 2351 2351 2352 
2354 2355 2356 2359 2359 2363 2364 2364 2365 2365 
2365 2366 2368 2368 2368 2369 2370 2371 2372 2373 
2373 2375 2376 2376 2378 2378 2379 2386 2386 2387 
2387 2387 2388 2388 2389 2391 2391 2392 2392 2394 
2396 2396 2396 2397 2398 2398 2400 2402 2403 2404 
2404 2404 2405 2406 2406 2409 2411 2412 2413 2415 
2418 2420 2420 2420 2421 2422 2422 2425 2425 2428 
2429 2430 2431 2431 2431 2433 2436 2436 2436 2436 
2436 2437 2438 2439 2440 2441 2445 2447 2447 2448 
2448 2449 2450 2450 2451 2453 2453 2453 2455 2458 
2458 2458 2459 2461 2463 2464 2465 2465 2466 2467 
2468 2468 2471 2471 2474 2475 2475 2476 2477 2477 
2478 2479 2480 2481 2482 2484 2484 2484 2486 2487 
2488 2489 2491 2492 2492 2495 2496 2497 2497 2498 
2499 2501 2501 2501 2502 2506 2508 2508 2508 2509 
2509 2514 2515 2515 2518 2518 2520 2520 2521 2521 
2522 2523 2523 2523 2525 2526 2528 2531 2531 2533 
2533 2533 2534 2535 2536 2536 2537 2537 2539 2540 
2540 2542 2542 2542 2543 2545 2545 2545 2547 2547 
2548 2549 2552 2552 2552 2559 2559 2560 2560 2561 
2561 2562 2564 2565 2567 2568 2568 2568 2568 2570 
2571 2571 2572 2572 2573 2575 2575 2576 2578 2578 
2579 2582 2584 2585 2586 2586 2587 2588 2591 2591 
2597 2599 2599 2600 2600 2601 2602 2604 2604 2604 
2605 2605 2605 2606 2607 2609 2609 2609 2610 2610 
2610 2610 2611 2611 2611 2612 2614 2614 2615 2617 
2620 2620 2624 2624 2625 2625 2626 2627 2627 2628 
2630 2631 2631 2632 2633 2634 2637 2637 2638 2639 
2640 2641 2642 2642 2643 2643 2643 2644 2645 2646 
2647 2649 2651 2651 2651 2652 2652 2652 2653 2653 
2656 2657 2657 2658 2658 2659 2659 2661 2661 2664 
2665 2665 2672 2673 2673 2673 2674 2674 2674 2676 
2676 2676 2677 2678 2678 2681 2683 2683 2683 2684 
2685 2685 2688 2688 2690 2691 2692 2692 2692 2693 
2693 2694 2697 2697 2698 2699 2701 2701 2702 2703 
2704 2704 2704 2705 2705 2707 2708 2710 2710 2711 
2713 2713 2713 2715 2717 2717 2717 2717 2717 2718 
2720 2720 2723 2724 2724 2726 2728 2728 2728 2729 
2731 2732 2734 2735 2736 2739 2739 2740 2741 2742 
2742 2743 2743 2743 2745 2745 2745 2746 2746 2747 
2748 2749 2754 2754 2755 2757 2758 2761 2761 2762 
2764 2765 2766 2768 2769 2769 2770 2770 2771 2771 
2773 2773 2776 2776 2779 2779 2783 2783 2786 2787 
2787 2788 2790 2790 2790 2792 2792 2793 2794 2794 
2795 2797 2798 2798 2799 2799 2801 2802 2802 2804 
2804 2806 2807 2808 2809 2811 2811 2811 2812 2813 
2814 2814 2814 2815 2815 2816 2817 2817 2818 2822 
2822 2822 2822 2825 2825 2825 2826 2827 2829 2830 
2831 2831 2832 2833 2834 2835 2839 2840 2843 2845 
2845 2846 2846 2846 2846 2847 2847 2848 2848 2848 
2848 2850 2854 2856 2857 2857 2857 2858 2858 2862 
2864 2865 2865 2867 2869 2870 2870 2872 2872 2873 
2873 2874 2875 2876 2876 2876 2882 2883 2883 2885 
2888 2888 2889 2889 2891 2892 2893 2897 2897 2899 
2899 2900 2900 2903 2906 2907 2907 2908 2910 2910 
2912 2912 2912 2914 2916 2916 2917 2917 2920 2921 
2921 2927 2929 2930 2934 2936 2936 2939 2940 2940 
2942 2946 2948 2949 2950 2950 2950 2950 2951 2952 
2952 2953 2953 2954 2955 2955 2956 2958 2960 2960 
2960 2961 2961 2961 2963 2963 2963 2964 2965 2965 
2965 2968 2968 2968 2971 2974 2974 2974 2974 2975 
2975 2978 2980 2980 2980 2985 2985 2986 2990 2991 
2993 2993 2993 2994 2996 2996 2998 2999 2999 3000 
3000 3001 3001 3002 3004 3004 3005 3005 3008 3009 
3013 3013 3014 3015 3016 3017 3019 3024 3027 3028 
3028 3030 3031 3031 3033 3035 3036 3036 3038 3039 
3039 3040 3044 3044 3045 3046 3047 3048 3048 3048 
3048 3049 3049 3050 3051 3052 3053 3053 3059 3059 
3059 3060 3060 3061 3061 3061 3062 3062 3063 3064 
3067 3069 3069 3070 3070 3071 3075 3075 3075 3076 
3077 3078 3078 3079 3082 3082 3084 3086 3086 3086 
3091 3091 3091 3093 3093 3094 3094 3096 3096 3098 
3098 3098 3100 3101 3102 3102 3102 3103 3103 3104 
3104 3105 3108 3109 3112 3114 3115 3115 3115 3116 
3117 3118 3120 3121 3121 3121 3122 3122 3122 3123 
3123 3123 3125 3125 3125 3127 3127 3129 3129 3130 
3130 3131 3132 3132 3133 3133 3136 3136 3138 3138 
3139 3140 3144 3145 3145 3146 3147 3147 3147 3148 
3149 3149 3149 3150 3150 3151 3152 3153 3153 3153 
3158 3158 3159 3159 3159 3159 3161 3161 3161 3162 
3165 3165 3166 3167 3167 3169 3170 3171 3175 3175 
3175 3177 3177 3178 3179 3180 3181 3186 3186 3187 
3189 3191 3194 3196 3196 3196 3197 3197 3197 3197 
3198 3201 3201 3202 3202 3204 3205 3205 3206 3207 
3209 3209 3210 3211 3211 3211 3212 3214 3215 3216 
3216 3218 3218 3218 3220 3220 3221 3221 3221 3222 
3223 3223 3224 3224 3224 3224 3225 3226 3227 3227 
3228 3228 3229 3230 3230 3230 3230 3231 3231 3232 
3232 3233 3234 3235 3236 3238 3239 3240 3240 3244 
3246 3246 3247 3248 3248 3250 3250 3251 3252 3252 
3252 3253 3254 3256 3259 3263 3264 3265 3265 3266 
3266 3267 3267 3268 3270 3272 3273 3273 3273 3274 
3279 3280 3280 3281 3282 3282 3283 3283 3284 3285 
3285 3286 3289 3292 3292 3293 3293 3294 3294 3297 
3299 3300 3300 3301 3301 3301 3301 3302 3305 3307 
3308 3308 3309 3309 3310 3310 3315 3317 3318 3318 
3320 3322 3323 3323 3326 3327 3328 3328 3329 3329 
3330 3330 3331 3331 3331 3331 3331 3332 3333 3335 
3335 3335 3338 3339 3339 3340 3342 3342 3343 3343 
3343 3344 3345 3347 3348 3350 3351 3352 3354 3354 
3354 3355 3357 3361 3361 3362 3362 3363 3364 3364 
3364 3364 3364 3366 3367 3369 3370 3370 3370 3372 
3373 3373 3374 3374 3376 3376 3377 3377 3377 3378 
3378 3378 3380 3380 3384 3385 3385 3385 3390 3390 
3390 3391 3393 3396 3396 3396 3397 3397 3397 3398 
3398 3399 3400 3400 3400 3401 3401 3401 3402 3403 
3403 3403 3403 3404 3404 3405 3406 3407 3409 3409 
3410 3410 3410 3411 3411 3411 3411 3417 3418 3418 
3418 3418 3418 3419 3422 3422 3426 3426 3426 3427 
3428 3428 3428 3429 3430 3431 3431 3432 3434 3434 
3435 3436 3436 3436 3436 3437 3438 3440 3440 3441 
3441 3441 3441 3442 3444 3448 3449 3450 3452 3452 
3455 3456 3457 3458 3460 3460 3461 3462 3462 3463 
3464 3465 3467 3468 3470 3470 3470 3471 3472 3473 
3474 3476 3477 3480 3481 3481 3481 3483 3483 3484 
3486 3486 3487 3488 3488 3490 3491 3492 3493 3494 
3494 3494 3495 3497 3497 3498 3501 3504 3507 3508 
3508 3509 3509 3511 3512 3515 3517 3517 3518 3518 
3520 3521 3522 3522 3523 3524 3525 3525 3526 3527 
3527 3527 3528 3529 3529 3531 3532 3533 3533 3535 
3536 3538 3538 3541 3541 3542 3542 3544 3545 3546 
3547 3548 3549 3550 3551 3551 3552 3559 3561 3563 
3564 3564 3565 3565 3566 3570 3570 3571 3571 3574 
3574 3575 3576 3577 3577 3579 3580 3580 3581 3582 
3583 3583 3583 3583 3585 3587 3588 3589 3590 3590 
3592 3593 3597 3598 3598 3599 3599 3600 3600 3600 
3602 3603 3603 3603 3605 3606 3608 3608 3609 3610 
3612 3612 3612 3613 3614 3615 3615 3616 3616 3616 
3618 3620 3621 3621 3621 3623 3623 3623 3624 3625 
3626 3627 3628 3629 3629 3630 3631 3631 3635 3635 
3635 3636 3637 3638 3638 3638 3639 3640 3640 3643 
3644 3644 3648 3651 3652 3653 3653 3654 3654 3655 
3656 3657 3657 3659 3660 3660 3661 3662 3662 3662 
3662 3664 3666 3668 3668 3668 3669 3669 3671 3673 
3674 3674 3675 3675 3676 3678 3682 3682 3682 3684 
3685 3686 3686 3687 3692 3693 3696 3697 3697 3697 
3703 3708 3709 3709 3709 3710 3711 3711 3713 3714 
3717 3717 3720 3721 3722 3722 3723 3723 3724 3725 
3726 3729 3729 3733 3733 3734 3735 3735 3737 3737 
3740 3744 3745 3746 3747 3748 3748 3749 3750 3751 
3751 3753 3754 3755 3755 3755 3759 3760 3761 3761 
3762 3763 3765 3765 3767 3768 3769 3770 3771 3772 
3772 3773 3774 3775 3776 3777 3777 3778 3781 3781 
3782 3783 3784 3784 3786 3787 3787 3787 3788 3789 
3791 3791 3792 3793 3793 3794 3795 3795 3795 3796 
3797 3799 3799 3800 3800 3801 3801 3804 3804 3808 
3808 3808 3809 3809 3811 3812 3813 3815 3818 3818 
3821 3821 3822 3822 3826 3827 3827 3828 3828 3831 
3831 3833 3833 3834 3834 3835 3836 3836 3836 3838 
3838 3839 3841 3842 3844 3844 3846 3847 3848 3848 
3849 3849 3850 3852 3854 3859 3859 3859 3860 3863 
3863 3863 3864 3864 3866 3868 3868 3870 3873 3875 
3876 3877 3878 3878 3880 3881 3882 3882 3883 3883 
3884 3884 3886 3887 3887 3887 3888 3889 3889 3889 
3891 3892 3893 3894 3895 3895 3895 3896 3896 3897 
3897 3899 3899 3900 3900 3901 3903 3903 3904 3905 
3906 3907 3908 3909 3911 3914 3914 3914 3923 3924 
3929 3930 3930 3931 3931 3931 3932 3933 3934 3936 
3936 3938 3939 3941 3943 3944 3945 3948 3949 3952 
3953 3953 3957 3958 3958 3964 3964 3965 3965 3966 
3967 3969 3969 3970 3973 3973 3973 3973 3975 3982 
3982 3982 3983 3984 3984 3986 3988 3991 3995 3996 
3997 3998 4003 4004 4005 4005 4006 4008 4008 4009 
4010 4011 4014 4014 4016 4020 4021 4022 4023 4023 
4024 4027 4030 4030 4032 4033 4034 4035 4035 4037 
4038 4040 4040 4041 4042 4042 4042 4043 4045 4046 
4047 4048 4048 4048 4049 4049 4055 4059 4060 4062 
4064 4065 4065 4067 4068 4069 4070 4070 4071 4071 
4074 4075 4076 4076 4077 4077 4078 4079 4080 4082 
4083 4083 4084 4084 4085 4086 4086 4086 4087 4087 
4088 4088 4089 4090 4092 4093 4093 4095 4096 4096 
4096 4097 4097 4100 4101 4101 4104 4105 4106 4106 
4106 4107 4108 4111 4111 4111 4113 4113 4114 4116 
4117 4122 4124 4125 4126 4127 4128 4128 4129 4130 
4131 4133 4133 4134 4134 4135 4135 4137 4138 4139 
4139 4141 4141 4142 4144 4147 4148 4148 4149 4149 
4150 4152 4155 4158 4158 4159 4160 4160 4164 4164 
4166 4168 4169 4170 4172 4173 4174 4174 4176 4177 
4178 4179 4180 4181 4181 4181 4182 4183 4185 4186 
4187 4187 4189 4189 4189 4190 4191 4195 4196 4196 
4196 4196 4198 4199 4201 4201 4201 4201 4201 4206 
4206 4206 4208 4208 4209 4211 4212 4212 4213 4214 
4215 4215 4218 4219 4221 4221 4222 4222 4223 4223 
4224 4225 4225 4225 4226 4226 4229 4229 4230 4231 
4233 4233 4234 4234 4235 4238 4238 4238 4238 4239 
4239 4241 4241 4242 4244 4245 4246 4246 4247 4249 
4251 4252 4253 4253 4254 4254 4255 4255 4259 4260 
4261 4264 4264 4266 4266 4267 4268 4270 4271 4271 
4273 4273 4273 4273 4275 4275 4275 4277 4280 4283 
4284 4285 4285 4287 4288 4288 4288 4289 4290 4290 
4291 4292 4293 4294 4294 4294 4295 4297 4298 4299 
4300 4300 4301 4303 4305 4306 4306 4307 4307 4309 
4310 4311 4312 4312 4312 4314 4315 4315 4315 4317 
4318 4319 4319 4319 4325 4326 4327 4328 4331 4332 
4333 4333 4334 4335 4335 4335 4336 4336 4336 4336 
4337 4337 4340 4340 4340 4341 4342 4343 4343 4344 
4345 4345 4347 4347 4350 4351 4353 4353 4354 4355 
4357 4357 4358 4360 4361 4364 4365 4367 4368 4368 
4369 4370 4371 4371 4372 4372 4377 4378 4378 4379 
4380 4382 4383 4383 4385 4386 4387 4389 4389 4390 
4390 4393 4393 4394 4395 4395 4396 4396 4398 4400 
4400 4401 4401 4401 4405 4406 4406 4407 4408 4409 
4412 4412 4414 4416 4417 4417 4417 4418 4419 4419 
4422 4422 4423 4424 4428 4430 4430 4431 4431 4431 
4437 4437 4439 4443 4444 4446 4446 4447 4448 4449 
4449 4450 4450 4450 4451 4452 4452 4452 4453 4453 
4453 4453 4454 4454 4455 4455 4456 4456 4457 4458 
4460 4461 4461 4462 4463 4463 4463 4463 4465 4465 
4466 4466 4466 4468 4468 4468 4470 4471 4472 4472 
4472 4473 4474 4477 4479 4480 4481 4482 4482 4482 
4485 4487 4489 4489 4489 4489 4490 4491 4491 4491 
4492 4492 4495 4495 4496 4497 4497 4498 4500 4503 
4504 4504 4505 4506 4508 4508 4508 4508 4509 4511 
4511 4511 4512 4512 4514 4515 4516 4517 4517 4518 
4519 4519 4521 4523 4525 4526 4526 4527 4527 4528 
4530 4531 4533 4537 4540 4540 4540 4540 4540 4543 
4543 4543 4545 4545 4547 4548 4548 4549 4550 4551 
4551 4553 4553 4554 4554 4555 4556 4557 4557 4557 
4558 4558 4558 4559 4561 4562 4563 4565 4566 4569 
4570 4570 4571 4571 4573 4573 4573 4574 4576 4578 
4580 4582 4583 4586 4586 4587 4588 4589 4590 4592 
4592 4592 4593 4593 4593 4593 4596 4597 4597 4597 
4598 4598 4598 4600 4603 4604 4606 4607 4611 4611 
4612 4612 4615 4616 4616 4618 4618 4620 4620 4622 
4623 4623 4625 4626 4628 4630 4630 4631 4631 4631 
4632 4634 4636 4637 4639 4639 4640 4642 4642 4644 
4644 4644 4644 4644 4645 4645 4646 4646 4647 4647 
4647 4648 4649 4649 4649 4652 4653 4653 4655 4655 
4657 4658 4659 4660 4662 4662 4665 4666 4667 4667 
4669 4670 4675 4675 4676 4677 4677 4678 4680 4680 
4680 4681 4682 4682 4683 4683 4684 4685 4687 4688 
4688 4688 4689 4690 4690 4690 4691 4691 4692 4692 
4693 4693 4694 4695 4699 4699 4700 4701 4701 4702 
4703 4704 4706 4707 4708 4708 4711 4714 4715 4716 
4716 4716 4717 4717 4719 4719 4721 4721 4722 4723 
4724 4727 4728 4728 4728 4730 4730 4731 4733 4734 
4735 4737 4737 4739 4739 4740 4740 4741 4741 4742 
4742 4744 4744 4744 4747 4748 4751 4752 4754 4756 
4757 4757 4758 4759 4762 4762 4762 4764 4764 4766 
4766 4770 4770 4771 4771 4771 4773 4774 4774 4774 
4774 4776 4777 4777 4778 4778 4779 4779 4780 4782 
4783 4784 4784 4785 4785 4786 4787 4789 4790 4793 
4794 4794 4796 4796 4797 4798 4799 4799 4800 4800 
4801 4803 4805 4805 4805 4806 4807 4807 4811 4811 
4811 4812 4813 4814 4814 4815 4816 4817 4819 4819 
4821 4823 4823 4824 4824 4826 4827 4829 4832 4833 
4834 4834 4834 4837 4837 4838 4838 4839 4841 4841 
4841 4843 4845 4845 4846 4848 4848 4849 4849 4850 
4851 4851 4851 4852 4853 4854 4857 4857 4859 4859 
4863 4863 4864 4864 4865 4865 4866 4866 4866 4867 
4868 4872 4872 4873 4873 4874 4875 4875 4876 4877 
4879 4880 4880 4882 4882 4886 4887 4888 4888 4889 
4889 4889 4889 4890 4890 4890 4891 4893 4894 4895 
4895 4895 4896 4898 4898 4899 4899 4900 4902 4903 
4903 4904 4904 4906 4907 4907 4908 4909 4909 4910 
4912 4912 4913 4914 4914 4915 4917 4919 4919 4920 
4921 4921 4922 4922 4924 4925 4925 4927 4928 4930 
4931 4934 4939 4939 4941 4943 4943 4943 4944 4946 
4947 4951 4951 4952 4954 4955 4955 4956 4956 4957 
4957 4957 4961 4961 4962 4963 4963 4963 4963 4964 
4965 4966 4968 4969 4970 4974 4975 4976 4976 4977 
4978 4979 4979 4981 4982 4982 4984 4984 4988 4989 
4991 4991 4992 4992 4996 4997 4997 5000 5001 5006 
5008 5010 5010 5011 5012 5013 5014 5015 5017 5019 
5019 5020 5020 5021 5021 5022 5023 5025 5025 5025 
5026 5026 5026 5027 5027 5028 5031 5032 5032 5032 
5032 5033 5034 5037 5037 5037 5037 5038 5038 5039 
5040 5040 5041 5041 5042 5043 5044 5044 5046 5048 
5051 5051 5052 5053 5053 5053 5056 5056 5056 5056 
5056 5056 5057 5057 5059 5059 5059 5061 5062 5062 
5062 5064 5065 5066 5066 5066 5067 5069 5069 5069 
5070 5070 5071 5072 5074 5075 5076 5077 5078 5078 
5079 5079 5080 5082 5082 5084 5085 5086 5088 5090 
5091 5091 5092 5093 5094 5094 5095 5096 5096 5099 
5105 5105 5107 5109 5112 5113 5115 5115 5116 5117 
5117 5118 5119 5119 5121 5122 5123 5123 5124 5125 
5125 5127 5127 5127 5130 5130 5132 5133 5135 5135 
5136 5137 5138 5140 5141 5141 5143 5144 5147 5148 
5150 5150 5151 5151 5152 5153 5154 5155 5155 5155 
5156 5157 5158 5158 5159 5159 5160 5160 5161 5162 
5163 5163 5164 5166 5166 5167 5168 5169 5169 5171 
5171 5172 5172 5172 5172 5173 5176 5176 5177 5177 
5180 5180 5183 5187 5187 5188 5190 5192 5192 5193 
5194 5195 5196 5197 5200 5200 5201 5203 5204 5205 
5205 5207 5210 5211 5212 5214 5214 5215 5216 5217 
5219 5224 5224 5225 5226 5226 5227 5228 5233 5234 
5235 5236 5237 5238 5239 5244 5250 5251 5251 5254 
5254 5254 5255 5256 5258 5258 5259 5259 5260 5261 
5262 5263 5263 5264 5266 5266 5266 5266 5266 5267 
5268 5269 5270 5270 5271 5272 5272 5274 5274 5278 
5278 5279 5279 5281 5281 5285 5286 5286 5288 5288 
5289 5290 5291 5292 5294 5295 5295 5295 5296 5299 
5299 5300 5300 5301 5302 5303 5303 5305 5307 5307 
5307 5307 5308 5309 5310 5311 5313 5315 5316 5316 
5316 5317 5317 5317 5320 5320 5320 5323 5327 5327 
5328 5328 5329 5330 5332 5333 5334 5335 5335 5337 
5337 5338 5338 5338 5340 5342 5346 5346 5348 5349 
5349 5349 5352 5352 5353 5354 5354 5354 5354 5355 
5356 5359 5360 5362 5363 5364 5364 5364 5365 5365 
5365 5365 5365 5367 5368 5369 5370 5370 5371 5371 
5372 5373 5374 5377 5378 5378 5379 5381 5382 5382 
5383 5384 5384 5385 5386 5388 5389 5391 5396 5397 
5401 5401 5402 5403 5404 5404 5406 5407 5409 5412 
5413 5413 5415 5415 5416 5417 5418 5419 5419 5420 
5425 5426 5426 5427 5427 5429 5430 5431 5432 5434 
5434 5434 5435 5436 5436 5437 5437 5439 5440 5440 
5440 5441 5442 5443 5443 5445 5445 5445 5447 5448 
5450 5450 5451 5452 5454 5454 5455 5456 5457 5457 
5461 5461 5462 5463 5463 5463 5463 5466 5467 5467 
5471 5472 5473 5473 5473 5474 5474 5475 5476 5476 
5477 5479 5479 5481 5483 5486 5489 5490 5490 5490 
5492 5496 5497 5497 5498 5500 5500 5501 5503 5505 
5506 5506 5507 5508 5510 5510 5510 5511 5513 5513 
5516 5519 5523 5523 5524 5525 5526 5527 5527 5530 
5533 5534 5535 5536 5537 5538 5538 5539 5540 5541 
5543 5543 5543 5544 5544 5546 5546 5548 5550 5550 
5551 5552 5552 5553 5554 5554 5555 5555 5555 5555 
5555 5556 5556 5556 5558 5558 5558 5559 5560 5560 
5561 5563 5564 5567 5567 5569 5569 5570 5570 5571 
5576 5578 5579 5580 5580 5581 5581 5582 5585 5588 
5590 5590 5591 5595 5595 5596 5597 5601 5603 5603 
5603 5604 5608 5610 5612 5613 5613 5614 5614 5615 
5615 5616 5616 5616 5619 5619 5623 5625 5625 5628 
5628 5629 5630 5630 5631 5634 5635 5636 5636 5636 
5637 5638 5638 5638 5639 5640 5641 5642 5642 5644 
5645 5646 5646 5647 5648 5648 5653 5656 5656 5657 
5657 5657 5658 5658 5658 5659 5659 5660 5660 5661 
5661 5661 5661 5662 5663 5664 5666 5667 5668 5670 
5672 5672 5672 5673 5674 5676 5676 5676 5677 5678 
5680 5682 5683 5683 5684 5685 5687 5687 5688 5688 
5689 5690 5691 5693 5694 5695 5696 5697 5698 5698 
5698 5700 5701 5701 5703 5703 5706 5706 5707 5707 
5707 5707 5708 5709 5710 5711 5713 5713 5713 5717 
5720 5720 5720 5720 5721 5722 5722 5724 5725 5726 
5728 5729 5729 5730 5730 5732 5736 5737 5738 5739 
5740 5742 5744 5744 5745 5748 5748 5748 5749 5750 
5751 5751 5752 5752 5752 5753 5753 5754 5754 5755 
5756 5756 5759 5762 5764 5764 5765 5765 5765 5766 
5766 5768 5769 5769 5769 5770 5771 5771 5774 5775 
5776 5776 5776 5777 5778 5779 5780 5783 5783 5784 
5786 5788 5788 5790 5790 5791 5792 5793 5793 5795 
5795 5796 5796 5797 5800 5800 5800 5801 5801 5801 
5801 5802 5803 5804 5805 5805 5805 5805 5805 5805 
5806 5807 5808 5808 5809 5809 5811 5812 5812 5815 
5816 5817 5818 5818 5820 5821 5822 5823 5825 5825 
5827 5828 5828 5828 5829 5829 5830 5831 5832 5832 
5833 5836 5839 5841 5844 5844 5845 5848 5848 5849 
5849 5851 5852 5855 5858 5858 5858 5858 5859 5859 
5859 5859 5860 5864 5866 5867 5867 5868 5870 5870 
5870 5870 5872 5873 5873 5874 5875 5876 5876 5877 
5877 5877 5879 5879 5881 5881 5882 5882 5883 5885 
5885 5886 5886 5888 5889 5891 5891 5891 5892 5895 
5896 5897 5897 5897 5901 5902 5903 5904 5907 5907 
5908 5908 5909 5910 5912 5917 5920 5921 5921 5923 
5924 5925 5925 5926 5926 5927 5928 5929 5931 5932 
5932 5933 5933 5934 5934 5935 5937 5937 5939 5939 
5940 5941 5942 5943 5945 5946 5947 5949 5951 5953 
5954 5955 5956 5958 5958 5959 5959 5962 5963 5964 
5966 5966 5968 5969 5971 5971 5973 5973 5973 5974 
5976 5976 5976 5980 5980 5983 5984 5985 5987 5990 
5991 5991 5991 5992 5995 5999 6002 6002 6002 6010 
6012 6013 6014 6016 6017 6017 6017 6017 6017 6017 
6018 6021 6023 6023 6025 6025 6025 6026 6027 6027 
6029 6030 6030 6032 6033 6033 6037 6037 6038 6038 
6039 6040 6041 6044 6044 6045 6045 6046 6047 6050 
6050 6051 6053 6054 6054 6054 6055 6057 6058 6059 
6060 6061 6061 6062 6063 6064 6065 6065 6066 6066 
6067 6067 6067 6068 6068 6069 6069 6072 6073 6073 
6074 6074 6077 6078 6080 6081 6081 6081 6083 6086 
6087 6087 6087 6088 6089 6090 6090 6092 6098 6098 
6100 6100 6101 6101 6101 6102 6104 6106 6107 6108 
6108 6109 6109 6109 6110 6110 6110 6112 6112 6113 
6113 6114 6114 6116 6116 6117 6117 6117 6120 6121 
6121 6122 6124 6125 6126 6127 6128 6128 6129 6131 
6132 6134 6135 6135 6137 6137 6138 6139 6139 6140 
6140 6140 6141 6141 6141 6142 6142 6143 6143 6144 
6145 6145 6146 6147 6148 6150 6151 6151 6151 6152 
6153 6154 6157 6158 6159 6159 6160 6161 6163 6165 
6166 6166 6166 6167 6168 6172 6172 6174 6175 6175 
6176 6177 6178 6180 6182 6183 6184 6186 6187 6188 
6188 6191 6191 6194 6194 6196 6197 6197 6197 6198 
6200 6201 6202 6203 6203 6204 6204 6204 6205 6206 
6207 6208 6208 6209 6210 6211 6212 6212 6215 6215 
6215 6216 6219 6220 6221 6222 6223 6223 6225 6227 
6227 6227 6228 6228 6229 6229 6230 6230 6231 6232 
6232 6232 6233 6234 6236 6236 6240 6240 6243 6244 
6246 6248 6249 6250 6250 6252 6255 6256 6257 6258 
6260 6261 6262 6262 6263 6264 6265 6266 6266 6266 
6266 6268 6270 6272 6272 6274 6275 6279 6281 6281 
6283 6284 6284 6285 6286 6286 6287 6287 6288 6288 
6289 6290 6290 6290 6292 6292 6292 6293 6293 6293 
6293 6294 6295 6297 6298 6303 6304 6305 6307 6308 
6310 6311 6311 6311 6312 6312 6312 6313 6314 6315 
6317 6318 6319 6320 6320 6323 6324 6324 6324 6325 
6326 6327 6327 6328 6328 6329 6330 6331 6331 6332 
6332 6333 6335 6335 6336 6337 6339 6339 6339 6340 
6340 6340 6340 6340 6341 6342 6343 6345 6346 6347 
6348 6349 6350 6350 6351 6351 6352 6353 6358 6358 
6360 6360 6362 6362 6363 6367 6368 6368 6371 6371 
6371 6373 6373 6374 6375 6375 6377 6378 6379 6379 
6381 6383 6384 6385 6386 6387 6389 6390 6391 6392 
6393 6394 6399 6400 6401 6401 6402 6403 6404 6404 
6405 6409 6409 6409 6409 6412 6412 6412 6412 6412 
6413 6414 6416 6416 6417 6418 6420 6420 6421 6421 
6421 6421 6422 6423 6425 6427 6428 6429 6429 6430 
6431 6431 6432 6433 6434 6436 6437 6437 6438 6438 
6438 6439 6439 6443 6446 6447 6448 6449 6449 6452 
6452 6452 6454 6457 6461 6462 6462 6462 6463 6463 
6466 6466 6466 6467 6469 6472 6474 6475 6479 6480 
6481 6482 6482 6482 6482 6483 6484 6484 6484 6484 
6486 6487 6488 6489 6489 6490 6491 6492 6492 6494 
6495 6497 6499 6500 6500 6501 6502 6504 6504 6505 
6505 6505 6506 6507 6508 6509 6509 6510 6510 6510 
6512 6513 6513 6513 6514 6514 6515 6515 6516 6517 
6520 6521 6521 6524 6524 6526 6528 6528 6528 6530 
6530 6531 6532 6534 6534 6536 6536 6537 6540 6542 
6542 6544 6544 6545 6546 6547 6548 6552 6554 6555 
6557 6557 6557 6559 6560 6560 6561 6561 6561 6565 
6568 6571 6572 6572 6572 6573 6573 6577 6577 6578 
6579 6579 6579 6581 6581 6585 6587 6589 6589 6589 
6593 6595 6595 6596 6597 6597 6597 6597 6597 6598 
6599 6603 6607 6609 6612 6614 6615 6615 6617 6618 
6618 6619 6619 6622 6623 6624 6625 6627 6629 6633 
6633 6634 6635 6635 6635 6637 6638 6638 6638 6639 
6639 6640 6640 6640 6641 6644 6644 6644 6646 6647 
6648 6648 6648 6648 6649 6652 6652 6652 6653 6653 
6654 6655 6658 6660 6660 6660 6661 6662 6663 6664 
6664 6667 6669 6671 6671 6672 6672 6672 6673 6673 
6673 6673 6674 6675 6676 6676 6676 6676 6676 6677 
6679 6679 6679 6680 6683 6683 6684 6685 6686 6687 
6693 6694 6694 6694 6694 6695 6695 6695 6695 6696 
6696 6696 6696 6697 6698 6699 6699 6701 6703 6705 
6705 6705 6706 6706 6706 6711 6712 6713 6713 6715 
6718 6718 6721 6723 6723 6724 6725 6727 6727 6728 
6734 6734 6736 6737 6739 6742 6744 6744 6745 6745 
6746 6746 6747 6747 6748 6749 6749 6752 6753 6753 
6753 6756 6757 6761 6763 6764 6766 6767 6770 6771 
6771 6772 6773 6774 6774 6776 6777 6778 6784 6785 
6785 6785 6785 6786 6788 6789 6790 6790 6791 6791 
6792 6792 6792 6792 6793 6793 6796 6797 6798 6801 
6802 6802 6803 6805 6807 6808 6808 6810 6810 6810 
6811 6813 6814 6816 6820 6820 6820 6823 6825 6825 
6828 6828 6829 6829 6832 6832 6832 6833 6835 6836 
6838 6839 6839 6840 6841 6841 6841 6842 6844 6846 
6846 6846 6848 6849 6852 6852 6852 6853 6853 6854 
6854 6857 6858 6858 6859 6863 6865 6866 6867 6868 
6869 6869 6871 6871 6871 6876 6877 6877 6878 6878 
6879 6879 6881 6884 6885 6887 6888 6889 6889 6890 
6890 6891 6894 6895 6898 6898 6898 6899 6899 6902 
6902 6902 6906 6906 6907 6907 6907 6908 6909 6909 
6912 6912 6912 6914 6915 6916 6917 6918 6920 6921 
6923 6923 6923 6924 6924 6925 6925 6926 6928 6929 
6929 6930 6930 6931 6933 6933 6935 6935 6935 6936 
6936 6938 6938 6943 6945 6946 6946 6946 6947 6948 
6950 6951 6954 6957 6958 6960 6961 6961 6962 6962 
6963 6965 6967 6967 6968 6969 6969 6972 6973 6975 
6976 6976 6976 6978 6979 6979 6980 6980 6981 6982 
6983 6985 6986 6987 6990 6992 6992 6995 6996 6997 
6998 7001 7001 7002 7005 7008 7009 7010 7011 7012 
7014 7014 7015 7016 7017 7018 7018 7019 7020 7023 
7024 7026 7026 7030 7031 7034 7034 7035 7036 7038 
7039 7039 7041 7042 7042 7043 7043 7044 7044 7044 
7044 7045 7045 7047 7049 7049 7050 7051 7051 7052 
7053 7054 7055 7055 7056 7056 7057 7058 7059 7060 
7061 7062 7062 7063 7066 7067 7068 7069 7069 7070 
7070 7070 7071 7071 7071 7072 7073 7075 7076 7078 
7078 7079 7080 7084 7084 7085 7089 7089 7090 7091 
7092 7095 7096 7096 7097 7097 7098 7098 7101 7103 
7104 7105 7106 7106 7107 7107 7110 7111 7111 7112 
7112 7113 7114 7116 7117 7117 7118 7119 7119 7120 
7123 7123 7123 7123 7124 7125 7125 7125 7126 7127 
7127 7129 7129 7129 7130 7131 7132 7132 7133 7135 
7136 7137 7138 7139 7139 7139 7141 7141 7142 7145 
7146 7148 7149 7149 7149 7150 7151 7154 7154 7154 
7156 7157 7158 7158 7160 7161 7161 7162 7162 7162 
7164 7165 7166 7166 7167 7168 7171 7172 7173 7173 
7175 7176 7176 7177 7177 7178 7179 7180 7184 7184 
7184 7185 7186 7187 7189 7190 7190 7190 7191 7191 
7191 7192 7193 7193 7193 7194 7194 7196 7196 7197 
7197 7197 7198 7200 7200 7201 7202 7203 7205 7205 
7206 7206 7206 7207 7208 7209 7211 7214 7214 7214 
7215 7215 7216 7218 7221 7222 7223 7224 7225 7225 
7226 7228 7228 7229 7229 7229 7230 7230 7232 7233 
7233 7233 7233 7235 7235 7235 7236 7237 7238 7238 
7239 7239 7241 7241 7242 7245 7246 7246 7246 7248 
7248 7248 7248 7250 7251 7252 7253 7256 7256 7257 
7258 7260 7260 7260 7261 7262 7262 7263 7264 7265 
7267 7267 7268 7268 7268 7269 7269 7270 7276 7277 
7278 7278 7278 7279 7280 7281 7281 7284 7285 7286 
7286 7287 7290 7290 7292 7292 7293 7295 7295 7296 
7296 7297 7298 7299 7300 7301 7302 7302 7303 7303 
7303 7304 7306 7308 7310 7312 7312 7312 7315 7317 
7318 7318 7318 7319 7320 7320 7322 7322 7324 7325 
7327 7327 7327 7327 7327 7328 7330 7331 7331 7331 
7332 7332 7334 7335 7335 7336 7339 7339 7341 7341 
7341 7342 7343 7343 7344 7348 7348 7350 7350 7351 
7351 7351 7352 7352 7354 7358 7358 7358 7359 7360 
7360 7360 7360 7361 7361 7361 7362 7364 7365 7365 
7366 7368 7369 7369 7370 7371 7374 7375 7376 7376 
7377 7377 7378 7379 7379 7380 7380 7380 7380 7382 
7382 7382 7386 7387 7390 7390 7391 7391 7392 7392 
7393 7393 7393 7394 7394 7395 7397 7397 7400 7400 
7401 7402 7403 7405 7406 7408 7408 7408 7408 7410 
7411 7412 7413 7414 7414 7416 7417 7418 7418 7419 
7419 7419 7421 7422 7423 7424 7424 7426 7426 7426 
7427 7429 7430 7430 7431 7435 7436 7437 7440 7440 
7441 7442 7443 7443 7443 7444 7444 7444 7445 7446 
7447 7447 7451 7451 7452 7453 7453 7454 7457 7458 
7458 7458 7460 7462 7462 7463 7464 7464 7466 7466 
7466 7467 7468 7469 7469 7470 7470 7471 7471 7472 
7475 7476 7476 7476 7477 7477 7479 7479 7480 7482 
7483 7484 7485 7486 7487 7488 7489 7490 7490 7491 
7492 7493 7493 7495 7498 7499 7500 7500 7501 7504 
7507 7510 7511 7511 7511 7512 7513 7513 7514 7515 
7516 7518 7520 7521 7521 7523 7524 7525 7526 7528 
7529 7529 7532 7532 7532 7532 7533 7533 7534 7534 
7537 7537 7538 7539 7540 7540 7540 7541 7541 7543 
7544 7544 7544 7545 7546 7549 7551 7551 7551 7553 
7553 7554 7556 7556 7557 7557 7558 7558 7558 7559 
7560 7560 7561 7562 7563 7563 7564 7566 7568 7569 
7571 7571 7572 7572 7575 7575 7581 7581 7581 7582 
7583 7586 7586 7587 7588 7588 7589 7590 7591 7592 
7593 7594 7598 7598 7598 7598 7601 7601 7602 7602 
7602 7606 7606 7606 7607 7607 7608 7609 7609 7610 
7610 7611 7612 7613 7613 7616 7616 7617 7618 7619 
7619 7622 7623 7624 7625 7625 7627 7628 7628 7628 
7628 7630 7631 7633 7633 7635 7636 7636 7636 7638 
7639 7639 7639 7640 7643 7644 7644 7644 7646 7648 
7650 7652 7652 7653 7653 7654 7654 7654 7655 7655 
7657 7657 7657 7658 7658 7659 7659 7659 7661 7664 
7664 7665 7665 7666 7666 7668 7668 7670 7672 7673 
7675 7677 7677 7677 7678 7681 7683 7683 7683 7683 
7687 7689 7689 7690 7690 7693 7694 7694 7695 7696 
7697 7698 7699 7699 7700 7700 7700 7701 7702 7705 
7706 7707 7708 7709 7710 7710 7711 7711 7712 7712 
7713 7714 7714 7715 7717 7717 7719 7719 7720 7728 
7729 7729 7729 7730 7731 7731 7733 7733 7735 7736 
7737 7737 7738 7739 7739 7740 7743 7744 7744 7745 
7745 7745 7747 7748 7748 7749 7749 7749 7750 7750 
7751 7752 7752 7753 7753 7753 7757 7757 7759 7759 
7759 7760 7762 7763 7763 7765 7768 7769 7770 7771 
7773 7773 7775 7775 7775 7775 7776 7777 7777 7777 
7778 7779 7780 7780 7781 7781 7781 7782 7784 7786 
7786 7787 7787 7788 7789 7791 7793 7793 7793 7793 
7795 7795 7795 7795 7797 7799 7802 7805 7805 7807 
7809 7809 7810 7812 7815 7817 7817 7819 7819 7821 
7822 7822 7823 7823 7823 7823 7826 7828 7828 7828 
7833 7834 7834 7837 7837 7838 7839 7839 7840 7841 
7841 7842 7842 7845 7845 7846 7846 7848 7850 7851 
7851 7852 7853 7853 7854 7856 7857 7860 7861 7861 
7861 7862 7862 7862 7863 7863 7865 7866 7867 7867 
7867 7868 7870 7870 7873 7874 7877 7877 7878 7878 
7878 7880 7880 7881 7881 7881 7882 7883 7883 7884 
7886 7886 7886 7887 7887 7888 7888 7888 7889 7890 
7891 7892 7892 7893 7894 7896 7897 7898 7900 7903 
7904 7905 7906 7909 7909 7909 7910 7910 7912 7912 
7913 7914 7917 7918 7919 7919 7920 7921 7922 7922 
7924 7925 7925 7928 7928 7929 7930 7931 7931 7932 
7932 7932 7932 7933 7933 7933 7934 7937 7938 7939 
7939 7939 7940 7945 7946 7946 7951 7951 7951 7952 
7954 7954 7954 7954 7956 7956 7958 7960 7961 7965 
7965 7966 7966 7967 7971 7972 7974 7974 7974 7976 
7978 7980 7981 7984 7985 7985 7988 7988 7989 7990 
7992 7993 7995 7996 7996 7996 7997 7999 8001 8003 
8004 8004 8006 8006 8006 8007 8007 8009 8010 8015 
8016 8017 8019 8021 8021 8022 8022 8022 8023 8023 
8023 8024 8024 8024 8027 8028 8030 8030 8033 8035 
8036 8037 8039 8039 8041 8041 8042 8043 8043 8045 
8046 8050 8050 8050 8051 8053 8053 8054 8055 8058 
8059 8060 8060 8062 8063 8063 8063 8064 8069 8070 
8071 8072 8073 8074 8075 8077 8080 8081 8081 8082 
8084 8084 8085 8089 8089 8091 8091 8093 8095 8097 
8098 8098 8098 8099 8099 8100 8101 8108 8108 8108 
8109 8109 8109 8111 8112 8112 8112 8113 8117 8117 
8117 8117 8118 8118 8118 8119 8122 8124 8124 8126 
8127 8128 8129 8130 8131 8132 8132 8133 8134 8135 
8135 8136 8136 8137 8137 8138 8139 8140 8141 8141 
8142 8143 8144 8145 8145 8148 8149 8149 8150 8152 
8155 8155 8156 8156 8158 8158 8159 8160 8160 8161 
8162 8164 8165 8165 8167 8169 8169 8171 8171 8172 
8173 8176 8176 8176 8178 8178 8180 8180 8181 8182 
8185 8187 8192 8193 8196 8196 8196 8196 8199 8199 
8200 8202 8202 8207 8207 8207 8208 8210 8213 8214 
8215 8216 8218 8221 8223 8223 8224 8225 8227 8228 
8228 8228 8228 8229 8229 8229 8230 8231 8231 8231 
8231 8231 8232 8232 8232 8234 8234 8234 8235 8236 
8236 8236 8236 8237 8240 8240 8241 8241 8241 8243 
8243 8244 8245 8246 8252 8254 8255 8257 8259 8260 
8260 8261 8262 8262 8262 8262 8265 8267 8268 8268 
8270 8270 8270 8272 8272 8275 8275 8275 8276 8277 
8277 8278 8279 8279 8280 8281 8281 8281 8282 8283 
8283 8284 8284 8284 8285 8285 8288 8288 8291 8291 
8292 8293 8294 8294 8294 8295 8297 8297 8297 8299 
8299 8299 8301 8302 8304 8304 8304 8305 8306 8306 
8307 8309 8309 8309 8311 8312 8312 8314 8315 8318 
8320 8322 8323 8323 8324 8325 8325 8325 8328 8329 
8330 8331 8331 8333 8335 8336 8337 8337 8337 8337 
8338 8338 8338 8340 8341 8341 8344 8344 8346 8346 
8347 8349 8351 8352 8352 8353 8353 8354 8355 8355 
8356 8356 8357 8358 8359 8360 8362 8363 8364 8364 
8365 8365 8365 8366 8366 8368 8369 8371 8371 8371 
8372 8373 8375 8377 8379 8381 8382 8382 8382 8384 
8386 8386 8386 8386 8388 8391 8392 8393 8394 8394 
8394 8394 8394 8395 8396 8397 8398 8399 8399 8399 
8401 8402 8402 8402 8405 8406 8407 8408 8409 8409 
8411 8411 8411 8411 8413 8413 8416 8416 8417 8418 
8423 8424 8425 8427 8429 8429 8429 8432 8433 8436 
8440 8442 8444 8444 8445 8446 8449 8451 8455 8457 
8462 8466 8467 8467 8468 8468 8471 8472 8474 8475 
8475 8477 8479 8481 8482 8482 8484 8486 8486 8486 
8487 8488 8489 8490 8491 8493 8494 8497 8499 8499 
8499 8502 8502 8504 8505 8506 8507 8508 8508 8510 
8511 8514 8514 8514 8514 8515 8515 8517 8517 8518 
8519 8521 8521 8521 8521 8522 8522 8522 8523 8523 
8523 8525 8525 8525 8525 8525 8527 8530 8531 8531 
8532 8533 8535 8537 8537 8538 8541 8541 8542 8542 
8542 8544 8548 8549 8551 8554 8557 8558 8559 8559 
8560 8560 8560 8561 8562 8562 8564 8565 8565 8566 
8566 8566 8566 8567 8568 8571 8574 8574 8575 8576 
8578 8579 8580 8580 8581 8582 8582 8585 8585 8587 
8588 8590 8590 8590 8590 8591 8592 8594 8594 8594 
8596 8597 8597 8598 8598 8598 8599 8600 8600 8601 
8601 8603 8603 8605 8606 8607 8607 8607 8608 8608 
8610 8610 8611 8612 8618 8618 8619 8619 8619 8622 
8622 8622 8623 8623 8623 8625 8625 8630 8630 8631 
8632 8632 8633 8637 8637 8638 8638 8639 8639 8640 
8640 8644 8644 8644 8645 8646 8646 8647 8648 8648 
8649 8650 8651 8651 8652 8655 8656 8656 8659 8659 
8660 8664 8664 8664 8665 8666 8666 8667 8670 8670 
8671 8671 8672 8672 8673 8673 8674 8675 8675 8677 
8679 8680 8682 8682 8683 8683 8685 8686 8687 8689 
8691 8694 8696 8697 8698 8700 8703 8705 8705 8707 
8707 8709 8710 8710 8710 8711 8712 8716 8716 8717 
8718 8720 8721 8724 8726 8726 8727 8728 8730 8731 
8732 8733 8734 8735 8736 8737 8737 8739 8740 8740 
8741 8744 8745 8745 8745 8747 8747 8749 8749 8749 
8749 8750 8750 8751 8752 8752 8754 8755 8755 8757 
8757 8757 8758 8759 8760 8761 8761 8761 8762 8763 
8764 8765 8766 8766 8769 8772 8772 8773 8773 8778 
8778 8779 8779 8781 8781 8781 8783 8785 8788 8790 
8790 8791 8792 8793 8797 8798 8798 8798 8799 8799 
8799 8800 8800 8803 8804 8804 8804 8805 8806 8807 
8809 8809 8812 8813 8813 8815 8815 8817 8818 8820 
8821 8822 8822 8823 8823 8824 8825 8828 8830 8831 
8831 8831 8831 8831 8832 8832 8834 8834 8835 8838 
8838 8838 8839 8842 8843 8843 8846 8846 8847 8848 
8848 8848 8848 8849 8851 8852 8852 8853 8853 8853 
8854 8855 8857 8858 8859 8860 8860 8861 8863 8863 
8863 8863 8864 8865 8866 8870 8870 8871 8873 8873 
8874 8874 8874 8875 8875 8876 8876 8877 8877 8878 
8879 8879 8880 8883 8884 8884 8884 8885 8885 8886 
8887 8888 8888 8890 8892 8893 8894 8895 8896 8897 
8899 8900 8901 8901 8901 8901 8903 8904 8904 8905 
8905 8907 8912 8913 8913 8913 8915 8916 8917 8919 
8921 8921 8922 8923 8925 8927 8927 8931 8931 8932 
8932 8932 8933 8934 8934 8935 8936 8941 8944 8945 
8945 8945 8946 8946 8947 8948 8949 8949 8951 8951 
8952 8952 8954 8955 8957 8957 8966 8969 8969 8970 
8973 8976 8976 8979 8979 8979 8980 8981 8982 8982 
8983 8984 8985 8985 8988 8989 8989 8989 8989 8989 
8991 8992 8993 8996 8997 8997 9001 9004 9004 9005 
9008 9008 9009 9010 9015 9015 9017 9018 9021 9021 
9022 9023 9023 9024 9025 9025 9025 9025 9027 9028 
9028 9029 9029 9030 9030 9031 9034 9034 9034 9035 
9035 9036 9036 9036 9037 9038 9039 9039 9040 9042 
9042 9042 9043 9043 9044 9047 9047 9048 9049 9052 
9055 9057 9057 9057 9058 9059 9061 9063 9067 9067 
9070 9071 9073 9075 9076 9077 9078 9080 9080 9081 
9082 9083 9083 9084 9086 9087 9087 9087 9087 9088 
9088 9088 9091 9094 9096 9096 9096 9096 9100 9101 
9103 9103 9103 9104 9106 9107 9108 9108 9109 9109 
9109 9111 9112 9112 9113 9114 9115 9116 9119 9121 
9121 9122 9124 9124 9125 9127 9127 9127 9128 9133 
9133 9134 9134 9135 9135 9135 9136 9137 9137 9138 
9138 9139 9139 9140 9141 9144 9145 9149 9152 9153 
9155 9156 9156 9158 9159 9160 9161 9161 9162 9162 
9162 9163 9164 9165 9166 9168 9169 9169 9170 9171 
9174 9174 9174 9174 9175 9175 9177 9179 9180 9181 
9184 9184 9184 9186 9186 9188 9188 9189 9190 9191 
9191 9191 9192 9193 9196 9200 9201 9202 9203 9204 
9204 9205 9205 9205 9207 9208 9208 9208 9210 9215 
9216 9216 9217 9217 9217 9219 9220 9222 9222 9222 
9222 9224 9224 9225 9225 9225 9226 9226 9230 9230 
9230 9231 9233 9234 9234 9234 9235 9236 9236 9238 
9238 9240 9240 9242 9242 9243 9243 9243 9243 9243 
9244 9245 9246 9247 9248 9248 9248 9249 9250 9251 
9253 9253 9255 9259 9262 9262 9263 9265 9266 9266 
9267 9268 9269 9269 9271 9272 9273 9273 9273 9274 
9276 9277 9278 9279 9279 9280 9282 9283 9285 9285 
9286 9286 9286 9287 9287 9288 9288 9290 9293 9294 
9299 9301 9301 9305 9306 9308 9309 9311 9312 9314 
9314 9315 9318 9319 9319 9321 9321 9321 9321 9321 
9322 9323 9324 9325 9327 9329 9332 9336 9336 9339 
9342 9342 9343 9346 9347 9349 9351 9352 9353 9354 
9358 9361 9361 9364 9364 9365 9365 9365 9367 9368 
9369 9371 9372 9376 9377 9379 9382 9382 9385 9386 
9386 9387 9388 9389 9389 9390 9391 9394 9395 9397 
9399 9402 9403 9403 9406 9407 9409 9410 9412 9414 
9415 9418 9418 9418 9419 9419 9420 9422 9422 9422 
9423 9427 9428 9428 9430 9430 9430 9430 9432 9432 
9433 9434 9437 9438 9438 9440 9440 9442 9442 9445 
9446 9446 9447 9448 9449 9450 9453 9454 9454 9455 
9455 9459 9460 9461 9463 9463 9464 9464 9464 9465 
9466 9467 9467 9468 9469 9470 9471 9472 9473 9474 
9475 9476 9477 9478 9478 9479 9482 9486 9486 9486 
9486 9486 9487 9490 9490 9491 9492 9493 9493 9493 
9493 9493 9494 9495 9496 9497 9497 9498 9499 9499 
9499 9499 9499 9500 9500 9502 9503 9505 9506 9508 
9511 9512 9513 9513 9514 9515 9516 9516 9517 9519 
9519 9519 9521 9523 9523 9523 9525 9529 9530 9532 
9533 9534 9534 9534 9535 9535 9537 9538 9539 9539 
9541 9542 9543 9543 9544 9547 9548 9548 9550 9552 
9553 9554 9554 9555 9555 9555 9556 9556 9559 9562 
9563 9563 9563 9564 9564 9564 9566 9568 9571 9572 
9573 9573 9573 9575 9578 9579 9579 9580 9580 9580 
9582 9584 9584 9586 9586 9587 9589 9589 9592 9592 
9592 9592 9593 9594 9595 9595 9595 9596 9597 9598 
9598 9599 9601 9601 9601 9602 9604 9605 9606 9607 
9607 9609 9610 9612 9612 9612 9613 9614 9615 9615 
9616 9618 9618 9618 9618 9619 9619 9619 9621 9621 
9622 9623 9623 9624 9625 9626 9630 9630 9631 9631 
9632 9632 9633 9636 9636 9639 9641 9641 9642 9642 
9642 9642 9643 9644 9648 9648 9649 9650 9651 9654 
9655 9656 9658 9659 9661 9661 9662 9666 9666 9667 
9669 9669 9670 9671 9672 9674 9675 9675 9677 9678 
9678 9679 9679 9679 9681 9684 9685 9685 9685 9686 
9687 9687 9688 9689 9691 9692 9692 9693 9694 9694 
9696 9701 9702 9703 9704 9705 9706 9706 9707 9709 
9709 9709 9712 9712 9714 9715 9718 9719 9719 9721 
9722 9722 9722 9725 9726 9726 9727 9729 9729 9729 
9729 9730 9731 9731 9731 9731 9732 9733 9734 9735 
9735 9735 9737 9738 9738 9742 9742 9742 9743 9743 
9744 9745 9746 9746 9747 9747 9750 9750 9751 9751 
9754 9754 9755 9755 9756 9757 9758 9761 9762 9762 
9763 9764 9765 9766 9768 9768 9769 9770 9770 9770 
9770 9770 9770 9772 9773 9775 9775 9778 9778 9778 
9778 9780 9780 9781 9781 9782 9783 9783 9783 9783 
9784 9784 9785 9787 9788 9789 9789 9790 9791 9792 
9792 9794 9794 9795 9796 9796 9796 9796 9796 9798 
9798 9798 9799 9799 9800 9801 9801 9804 9809 9814 
9814 9817 9817 9818 9818 9820 9821 9823 9823 9824 
9825 9826 9826 9827 9827 9828 9830 9831 9833 9833 
9834 9836 9838 9838 9839 9840 9840 9840 9841 9842 
9843 9845 9846 9846 9846 9847 9847 9848 9848 9850 
9850 9851 9852 9852 9853 9854 9854 9854 9856 9856 
9856 9857 9858 9858 9860 9860 9861 9862 9862 9864 
9865 9866 9867 9867 9868 9868 9868 9869 9869 9871 
9872 9872 9872 9873 9873 9876 9876 9878 9879 9879 
9880 9881 9882 9883 9884 9885 9885 9887 9887 9888 
9889 9890 9890 9890 9891 9891 9891 9892 9893 9893 
9894 9894 9894 9895 9897 9897 9901 9902 9906 9906 
9906 9907 9908 9909 9909 9911 9911 9912 9914 9914 
9916 9917 9921 9922 9923 9923 9924 9927 9927 9927 
9927 9928 9929 9929 9930 9930 9930 9932 9932 9932 
9933 9933 9934 9934 9935 9936 9937 9939 9939 9941 
9943 9943 9943 9946 9946 9946 9948 9950 9951 9953 
9953 9955 9956 9958 9958 9959 9960 9960 9961 9962 
9963 9963 9964 9964 9965 9965 9965 9966 9966 9967 
9969 9970 9971 9973 9974 9976 9978 9978 9979 9981 
9984 9984 9986 9988 9995 9997 9997 9997 10000 
